 0  2588.530
 1  2166.178
 2  2153.722
 3  1980.252
 4  1996.851
 5  1981.731
 6  1962.904
 7  1954.932
 8  2541.940
 9  2305.255
 10  2509.466
 11  2602.082
 12  2592.345
 13  2603.804
 14  2174.572
 15  2596.550
 16  2595.125
 17  2594.037
 18  2600.563
 19  2590.120
 20  2105.824
 21  2589.659
 22  2160.209
 23  2600.310
 24  2593.318
 25  2150.319
 26  2140.754
 27  2599.450
 28  2593.589
 29  2119.078
 30  2597.897
 31  2604.795
 32  2593.503
 33  2591.797
 34  2177.925
 35  2588.886
 36  1998.784
 37  2598.172
 38  2158.445
 39  2168.653
 40  1992.640
 41  2596.357
 42  2584.894
 43  2165.473
 44  2590.701
 45  2598.293
 46  2597.684
 47  2596.316
 48  2594.229
 49  2589.857
 50  2595.722
 51  2599.296
 52  2594.228
 53  2594.022
 54  2595.125
 55  2592.629
 56  2594.986
 57  2590.850
 58  2593.134
 59  2592.023
 60  2599.085
 61  2591.143
 62  2600.488
 63  2601.118
 64  2155.767
 65  2158.373
 66  1729.658
 67  2604.093
 68  2598.439
 69  1731.469
 70  1725.546
 71  2134.156
 72  2112.487
 73  2120.398
 74  2600.378
 75  1964.654
 76  2603.631
 77  2598.139
 78  1970.628
 79  2181.492
 80  2591.638
 81  2168.787
 82  2177.833
 83  2175.505
 84  2592.654
 85  2587.476
 86  2604.087
 87  2593.785
 88  2105.613
 89  2601.853
 90  1727.854
 91  2599.117
 92  2600.264
 93  2595.246
 94  2591.469
 95  2054.770
 96  1724.985
 97  2598.261
 98  2117.334
 99  2598.170
 100  1757.668
 101  2114.954
 102  2157.368
 103  2162.510
 104  2129.555
 105  2117.329
 106  2608.867
 107  2591.933
 108  2596.455
 109  2591.407
 110  2109.297
 111  2087.081
 112  2104.813
 113  2588.704
 114  2595.125
 115  2591.181
 116  2577.037
 117  2598.368
 118  2101.011
 119  2600.194
 120  2604.225
 121  2591.506
 122  1735.857
 123  2132.543
 124  2009.783
 125  2117.409
 126  2603.019
 127  2118.876
 128  2591.363
 129  2121.015
 130  2594.332
 131  2115.062
 132  2590.167
 133  2585.090
 134  2593.837
 135  2592.882
 136  2598.632
 137  2128.420
 138  2587.773
 139  2108.982
 140  2595.622
 141  2590.976
 142  2594.048
 143  2592.083
 144  2595.125
 145  2021.727
 146  2595.445
 147  2597.606
 148  2127.081
 149  2584.824
 150  2164.615
 151  2596.372
 152  2014.316
 153  1723.091
 154  1721.972
 155  2585.455
 156  2101.543
 157  1732.202
 158  2597.634
 159  2587.731
 160  2599.935
 161  2069.201
 162  1769.081
 163  1850.793
 164  2171.930
 165  2011.541
 166  1665.685
 167  1767.346
 168  1758.696
 169  2070.105
 170  2065.762
 171  1763.624
 172  2123.967
 173  2083.585
 174  2081.716
 175  2099.681
 176  2136.943
 177  2064.910
 178  2086.600
 179  2100.258
 180  2096.062
 181  2030.371
 182  2594.070
 183  2043.056
 184  2134.878
 185  2088.101
 186  2090.031
 187  2095.160
 188  2589.729
 189  2039.619
 190  2064.983
 191  2589.711
 192  2594.327
 193  2585.455
 194  2062.614
 195  2585.640
 196  2592.968
 197  2078.516
 198  2077.706
 199  2595.476
 200  2058.025
 201  2138.457
 202  2596.670
 203  2589.253
 204  2586.125
 205  2593.442
 206  2592.841
 207  2591.245
 208  2600.876
 209  2599.167
 210  2589.439
 211  2591.074
 212  2596.394
 213  2590.869
 214  2567.314
 215  2593.258
 216  2589.753
 217  2602.336
 218  2088.218
 219  2577.976
 220  2593.239
 221  2581.910
 222  2592.164
 223  2036.914
 224  1747.252
 225  2139.149
 226  1769.537
 227  2113.977
 228  1596.745
 229  2104.086
 230  2097.367
 231  2151.161
 232  2138.926
 233  1765.688
 234  2072.682
 235  2076.100
 236  2146.559
 237  2101.069
 238  1765.255
 239  1765.648
 240  1760.613
 241  2115.370
 242  2097.636
 243  2101.350
 244  2583.133
 245  2598.126
 246  1731.582
 247  2071.817
 248  2096.690
 249  2603.380
 250  2151.008
 251  2593.415
 252  1730.176
 253  2154.535
 254  2078.989
 255  1731.644
