runsec, runcounter, lognr, logsec, runtime, logfreq, genfreq, row, column, size, lower, upper, table, threads, model, cache, cpu, cpuquota, cpuperiod, cpuusage, memusage, memlimit, gen, drop, proc, dup, duphash, duptable, duprbtree, dupbstree, thread0, cpucore0, cpufreq0, thread1, cpucore1, cpufreq1, thread2, cpucore2, cpufreq2, thread3, cpucore3, cpufreq3, thread4, cpucore4, cpufreq4, thread5, cpucore5, cpufreq5, thread6, cpucore6, cpufreq6, thread7, cpucore7, cpufreq7, thread8, cpucore8, cpufreq8, thread9, cpucore9, cpufreq9, thread10, cpucore10, cpufreq10, thread11, cpucore11, cpufreq11, thread12, cpucore12, cpufreq12, thread13, cpucore13, cpufreq13, thread14, cpucore14, cpufreq14, thread15, cpucore15, cpufreq15, thread16, cpucore16, cpufreq16, thread17, cpucore17, cpufreq17, thread18, cpucore18, cpufreq18, thread19, cpucore19, cpufreq19
1,0,11,11,10,1,1,3,4,12,10,99,16384,4,Neoverse-N1,1024,80,-1,100000,1.75227E+14,5747789004,9.22337E+18,565729,542534,1394,20955,19566,0,0,0,7,2,3,7,3,5,7,4,7,7,5,9, , , , , , , , , , , , , , , , , , , , , , , , , , , , , , , , , , , , , , , , , , , , , , , , 
0,1,22,22,10,1,1,3,4,12,10,99,16384,4,Neoverse-N1,1024,80,-1,100000,1.75271E+14,5748005273,9.22337E+18,515447,494324,1421,20994,19564,0,0,0,7,2,3,7,3,5,7,4,7,7,5,9, , , , , , , , , , , , , , , , , , , , , , , , , , , , , , , , , , , , , , , , , , , , , , , , 
1,2,11,11,10,1,1,3,4,12,10,99,16384,8,Neoverse-N1,1024,80,-1,100000,1.75344E+14,5742814822,9.22337E+18,561613,515255,2199,41868,38992,0,0,0,7,2,3,7,3,5,7,4,7,7,5,9,7,6,11,7,7,13,7,8,15,7,9,17, , , , , , , , , , , , , , , , , , , , , , , , , , , , , , , , , , , , 
0,3,22,22,10,1,1,3,4,12,10,99,16384,8,Neoverse-N1,1024,80,-1,100000,1.75421E+14,5747140198,9.22337E+18,511781,563329,1718,42120,39037,0,0,0,7,2,3,7,3,5,7,4,7,7,5,9,7,6,11,7,7,13,7,8,15,7,9,17, , , , , , , , , , , , , , , , , , , , , , , , , , , , , , , , , , , , 
1,4,11,11,10,1,1,3,4,12,10,99,16384,12,Neoverse-N1,1024,80,-1,100000,1.75533E+14,5739570790,9.22337E+18,506256,442903,2600,62884,58551,0,0,0,7,2,3,7,3,5,7,4,7,7,5,9,7,6,11,7,7,13,7,8,15,7,9,17,7,10,19,7,11,21,7,12,23,7,13,25, , , , , , , , , , , , , , , , , , , , , , , , 
0,5,22,22,10,1,1,3,4,12,10,99,16384,12,Neoverse-N1,1024,80,-1,100000,1.75645E+14,5743896166,9.22337E+18,507390,444498,2639,62530,58595,0,0,0,7,2,3,7,3,5,7,4,7,7,5,9,7,6,11,7,7,13,7,8,15,7,9,17,7,10,19,7,11,21,7,12,23,7,13,25, , , , , , , , , , , , , , , , , , , , , , , , 
1,6,20,20,10,1,1,3,4,12,10,99,16384,16,Neoverse-N1,1024,80,-1,100000,1.75914E+14,5742166016,9.22337E+18,552255,460348,3380,83011,78099,0,0,0,7,2,3,7,3,5,6,4,7,7,5,9,7,6,11,7,7,13,7,8,15,7,9,17,7,10,19,7,11,21,6,12,23,7,13,25,7,14,27,7,15,29,7,16,31,7,17,33, , , , , , , , , , , , 
0,7,31,31,10,1,1,3,4,12,10,99,16384,16,Neoverse-N1,1024,80,-1,100000,1.7606E+14,5746491392,9.22337E+18,655799,547216,3558,83062,78340,0,0,0,7,2,3,7,3,5,7,4,7,7,5,9,7,6,11,7,7,13,6,8,15,7,9,17,7,10,19,7,11,21,7,12,23,7,13,25,7,14,27,7,15,29,7,16,31,7,17,33, , , , , , , , , , , , 
1,10,12,12,10,1,1,3,4,12,10,99,2048,4,Neoverse-N1,1024,80,-1,100000,1.76178E+14,5730703769,9.22337E+18,566588,543253,1519,21074,19556,0,0,0,7,2,3,7,3,5,6,4,7,7,5,9, , , , , , , , , , , , , , , , , , , , , , , , , , , , , , , , , , , , , , , , , , , , , , , , 
0,11,23,23,10,1,1,3,4,12,10,99,2048,4,Neoverse-N1,1024,80,-1,100000,1.76223E+14,5731568844,9.22337E+18,515106,493931,1465,21035,19557,0,0,0,7,2,3,7,3,5,7,4,7,7,5,9, , , , , , , , , , , , , , , , , , , , , , , , , , , , , , , , , , , , , , , , , , , , , , , , 
1,12,12,12,10,1,1,3,4,12,10,99,2048,8,Neoverse-N1,1024,80,-1,100000,1.76302E+14,5734812876,9.22337E+18,561342,468045,2237,41916,38985,0,0,0,7,2,3,7,3,5,7,4,7,7,5,9,7,6,11,7,7,13,7,8,15,7,9,17, , , , , , , , , , , , , , , , , , , , , , , , , , , , , , , , , , , , 
0,13,23,23,10,1,1,3,4,12,10,99,2048,8,Neoverse-N1,1024,80,-1,100000,1.7638E+14,5737840640,9.22337E+18,509684,467245,1846,42170,39020,0,0,0,7,2,3,7,3,5,7,4,7,6,5,9,7,6,11,7,7,13,7,8,15,7,9,17, , , , , , , , , , , , , , , , , , , , , , , , , , , , , , , , , , , , 
1,14,11,11,10,1,1,3,4,12,10,99,2048,12,Neoverse-N1,1024,80,-1,100000,1.76491E+14,5734380339,9.22337E+18,506572,443330,2533,62803,58521,0,0,0,7,2,3,7,3,5,6,4,7,7,5,9,7,6,11,7,7,13,7,8,15,7,9,17,7,10,19,7,11,21,6,12,23,7,13,25, , , , , , , , , , , , , , , , , , , , , , , , 
0,15,22,22,10,1,1,3,4,12,10,99,2048,12,Neoverse-N1,1024,80,-1,100000,1.76603E+14,5738705715,9.22337E+18,558188,533377,2496,62437,58639,0,0,0,7,2,3,7,3,5,7,4,7,7,5,9,7,6,11,7,7,13,7,8,15,7,9,17,7,10,19,7,11,21,7,12,23,7,13,25, , , , , , , , , , , , , , , , , , , , , , , , 
1,16,11,11,10,1,1,3,4,12,10,99,2048,16,Neoverse-N1,1024,80,-1,100000,1.76755E+14,5736326758,9.22337E+18,500930,584467,3201,83261,77989,0,0,0,7,2,3,7,3,5,6,4,7,7,5,9,7,6,11,7,7,13,7,8,15,7,9,17,7,10,19,7,11,21,7,12,23,7,13,25,7,14,27,7,15,29,7,16,31,7,17,33, , , , , , , , , , , , 
0,17,22,22,10,1,1,3,4,12,10,99,2048,16,Neoverse-N1,1024,80,-1,100000,1.76901E+14,5741084672,9.22337E+18,503591,420152,3383,82928,78128,0,0,0,7,2,3,7,3,5,7,4,7,7,5,9,7,6,11,7,7,13,7,8,15,7,9,17,7,10,19,7,11,21,7,12,23,7,13,25,7,14,27,7,15,29,7,16,31,7,17,33, , , , , , , , , , , , 
1,18,11,11,10,1,1,3,4,12,10,99,2048,20,Neoverse-N1,1024,80,-1,100000,1.77101E+14,5736110489,9.22337E+18,531442,419203,4187,111277,104265,0,0,0,7,2,3,7,3,5,7,4,7,7,5,9,7,6,11,7,7,13,7,8,15,7,9,17,7,10,19,7,11,21,7,12,23,7,13,25,7,14,27,7,15,29,7,16,31,7,17,33,7,18,35,7,19,37,7,20,39,7,21,41
0,19,22,22,10,1,1,3,4,12,10,99,2048,20,Neoverse-N1,1024,80,-1,100000,1.77307E+14,5739138252,9.22337E+18,539396,426681,4754,111880,105595,0,0,0,7,2,3,7,3,5,7,4,7,7,5,9,7,6,11,7,7,13,6,8,15,7,9,17,7,10,19,7,11,21,7,12,23,7,13,25,7,14,27,7,15,29,7,16,31,7,17,33,7,18,35,7,19,37,6,20,39,7,21,41
1,20,13,13,10,1,1,3,4,12,10,99,256,4,Neoverse-N1,1024,80,-1,100000,1.7747E+14,5724431974,9.22337E+18,514267,493093,1482,21037,19557,0,0,0,7,2,3,7,3,5,7,4,7,7,5,9, , , , , , , , , , , , , , , , , , , , , , , , , , , , , , , , , , , , , , , , , , , , , , , , 
0,21,24,24,10,1,1,3,4,12,10,99,256,4,Neoverse-N1,1024,80,-1,100000,1.77514E+14,5724864512,9.22337E+18,515098,493990,1420,20969,19531,0,0,0,7,2,3,7,3,5,7,4,7,7,5,9, , , , , , , , , , , , , , , , , , , , , , , , , , , , , , , , , , , , , , , , , , , , , , , , 
1,22,13,13,10,1,1,3,4,12,10,99,256,8,Neoverse-N1,1024,80,-1,100000,1.77601E+14,5725080780,9.22337E+18,508934,512765,1965,42031,38932,0,0,0,7,2,3,7,3,5,7,4,7,7,5,9,7,6,11,7,7,13,6,8,15,7,9,17, , , , , , , , , , , , , , , , , , , , , , , , , , , , , , , , , , , , 
0,23,24,24,10,1,1,3,4,12,10,99,256,8,Neoverse-N1,1024,80,-1,100000,1.77679E+14,5730271232,9.22337E+18,510698,468431,1796,41992,38979,0,0,0,7,2,3,7,3,5,7,4,7,7,5,9,7,6,11,7,7,13,7,8,15,7,9,17, , , , , , , , , , , , , , , , , , , , , , , , , , , , , , , , , , , , 
1,24,11,11,10,1,1,3,4,12,10,99,256,12,Neoverse-N1,1024,80,-1,100000,1.77791E+14,5728541081,9.22337E+18,505824,486795,2627,62857,58554,0,0,0,7,2,3,7,3,5,7,4,7,7,5,9,7,6,11,7,7,13,6,8,15,7,9,17,7,10,19,7,11,21,6,12,23,7,13,25, , , , , , , , , , , , , , , , , , , , , , , , 
0,25,22,22,10,1,1,3,4,12,10,99,256,12,Neoverse-N1,1024,80,-1,100000,1.77902E+14,5732650188,9.22337E+18,507171,444138,2685,62654,58658,0,0,0,7,2,3,7,3,5,7,4,7,7,5,9,7,6,11,7,7,13,6,8,15,7,9,17,7,10,19,7,11,21,7,12,23,7,13,25, , , , , , , , , , , , , , , , , , , , , , , , 
1,26,14,14,10,1,1,3,4,12,10,99,256,16,Neoverse-N1,1024,80,-1,100000,1.78093E+14,5732217651,9.22337E+18,501868,460171,3018,83100,77938,0,0,0,7,2,3,7,3,5,6,4,7,7,5,9,7,6,11,7,7,13,7,8,15,7,9,17,7,10,19,7,11,21,7,12,23,7,13,25,7,14,27,7,15,29,7,16,31,7,17,33, , , , , , , , , , , , 
0,27,25,25,10,1,1,3,4,12,10,99,256,16,Neoverse-N1,1024,80,-1,100000,1.78239E+14,5735677952,9.22337E+18,503347,419979,3441,82868,78132,0,0,0,7,2,3,7,3,5,6,4,7,7,5,9,7,6,11,7,7,13,7,8,15,7,9,17,7,10,19,7,11,21,6,12,23,7,13,25,7,14,27,7,15,29,7,16,31,7,17,33, , , , , , , , , , , , 
1,28,14,14,10,1,1,3,4,12,10,99,256,20,Neoverse-N1,1024,80,-1,100000,1.78489E+14,5733731532,9.22337E+18,524694,414330,4251,109494,103106,0,0,0,7,2,3,7,3,5,6,4,7,7,5,9,7,6,11,7,7,13,7,8,15,7,9,17,7,10,19,7,11,21,7,12,23,7,13,25,7,14,27,7,15,29,7,16,31,7,17,33,7,18,35,7,19,37,7,20,39,7,21,41
0,29,25,25,10,1,1,3,4,12,10,99,256,20,Neoverse-N1,1024,80,-1,100000,1.78694E+14,5738489446,9.22337E+18,591074,467392,4709,111542,105349,0,0,0,7,2,3,6,3,5,7,4,7,7,5,9,7,6,11,7,7,13,6,8,15,7,9,17,7,10,19,7,11,21,6,12,23,7,13,25,7,14,27,7,15,29,7,16,31,7,17,33,7,18,35,7,19,37,7,20,39,7,21,41
1,30,12,12,10,1,1,3,4,12,30,99,16384,4,Neoverse-N1,1024,80,-1,100000,1.78855E+14,5733731532,9.22337E+18,617885,592684,1405,20941,19542,0,0,0,7,2,3,7,3,5,7,4,7,7,5,9, , , , , , , , , , , , , , , , , , , , , , , , , , , , , , , , , , , , , , , , , , , , , , , , 
0,31,23,23,10,1,1,3,4,12,30,99,16384,4,Neoverse-N1,1024,80,-1,100000,1.78899E+14,5733515264,9.22337E+18,566952,543972,1303,20809,19508,0,0,0,7,2,3,7,3,5,7,4,7,7,5,9, , , , , , , , , , , , , , , , , , , , , , , , , , , , , , , , , , , , , , , , , , , , , , , , 
1,32,11,11,10,1,1,3,4,12,30,99,16384,8,Neoverse-N1,1024,80,-1,100000,1.78972E+14,5734380339,9.22337E+18,559742,514243,2256,41175,38942,0,0,0,7,2,3,7,3,5,7,4,7,7,5,9,7,6,11,7,7,13,7,8,15,7,9,17, , , , , , , , , , , , , , , , , , , , , , , , , , , , , , , , , , , , 
0,33,22,22,10,1,1,3,4,12,30,99,16384,8,Neoverse-N1,1024,80,-1,100000,1.7905E+14,5734164070,9.22337E+18,562051,516272,1862,41474,38985,0,0,0,7,2,3,7,3,5,7,4,7,7,5,9,7,6,11,7,7,13,7,8,15,7,9,17, , , , , , , , , , , , , , , , , , , , , , , , , , , , , , , , , , , , 
1,34,11,11,10,1,1,3,4,12,30,99,16384,12,Neoverse-N1,1024,80,-1,100000,1.79163E+14,5733082726,9.22337E+18,507232,445438,2782,61546,58514,0,0,0,7,2,3,7,3,5,7,4,7,7,5,9,7,6,11,6,7,13,7,8,15,7,9,17,7,10,19,7,11,21,6,12,23,7,13,25, , , , , , , , , , , , , , , , , , , , , , , , 
0,35,22,22,10,1,1,3,4,12,30,99,16384,12,Neoverse-N1,1024,80,-1,100000,1.79275E+14,5735245414,9.22337E+18,506482,444121,1907,62117,58553,0,0,0,7,2,3,7,3,5,6,4,7,7,5,9,7,6,11,7,7,13,6,8,15,7,9,17,7,10,19,7,11,21,7,12,23,7,13,25, , , , , , , , , , , , , , , , , , , , , , , , 
1,36,13,13,10,1,1,3,4,12,30,99,16384,16,Neoverse-N1,1024,80,-1,100000,1.79454E+14,5733947801,9.22337E+18,502128,419729,2404,82045,77814,0,0,0,7,2,3,7,3,5,6,4,7,7,5,9,7,6,11,7,7,13,7,8,15,7,9,17,7,10,19,7,11,21,7,12,23,7,13,25,7,14,27,7,15,29,7,16,31,7,17,33, , , , , , , , , , , , 
0,37,24,24,10,1,1,3,4,12,30,99,16384,16,Neoverse-N1,1024,80,-1,100000,1.796E+14,5736759296,9.22337E+18,503127,420966,2518,81848,78088,0,0,0,7,2,3,7,3,5,7,4,7,7,5,9,7,6,11,7,7,13,7,8,15,7,9,17,7,10,19,7,11,21,7,12,23,7,13,25,7,14,27,7,15,29,6,16,31,7,17,33, , , , , , , , , , , , 
1,38,11,11,10,1,1,3,4,12,30,99,16384,20,Neoverse-N1,1024,80,-1,100000,1.79799E+14,5734812876,9.22337E+18,525167,537269,3270,108738,103229,0,0,0,7,2,3,7,3,5,7,4,7,7,5,9,7,6,11,7,7,13,7,8,15,7,9,17,7,10,19,7,11,21,7,12,23,7,13,25,7,14,27,7,15,29,7,16,31,7,17,33,7,18,35,7,19,37,7,20,39,7,21,41
0,39,22,22,10,1,1,3,4,12,30,99,16384,20,Neoverse-N1,1024,80,-1,100000,1.80002E+14,5740219596,9.22337E+18,540419,472477,3356,110709,105826,0,0,0,7,2,3,7,3,5,6,4,7,7,5,9,7,6,11,7,7,13,7,8,15,7,9,17,7,10,19,7,11,21,7,12,23,7,13,25,7,14,27,7,15,29,6,16,31,7,17,33,7,18,35,7,19,37,7,20,39,7,21,41
1,40,11,11,10,1,1,3,4,12,30,99,2048,4,Neoverse-N1,1024,80,-1,100000,1.8016E+14,5731785113,9.22337E+18,512150,491196,1348,20882,19538,0,0,0,7,2,3,7,3,5,7,4,7,7,5,9, , , , , , , , , , , , , , , , , , , , , , , , , , , , , , , , , , , , , , , , , , , , , , , , 
0,41,22,22,10,1,1,3,4,12,30,99,2048,4,Neoverse-N1,1024,80,-1,100000,1.80205E+14,5731785113,9.22337E+18,513436,541630,1318,20824,19510,0,0,0,7,2,3,7,3,5,7,4,7,7,5,9, , , , , , , , , , , , , , , , , , , , , , , , , , , , , , , , , , , , , , , , , , , , , , , , 
1,42,15,15,10,1,1,3,4,12,30,99,2048,8,Neoverse-N1,1024,80,-1,100000,1.80305E+14,5729189888,9.22337E+18,509964,468721,2119,41091,38973,0,0,0,7,2,3,7,3,5,6,4,7,7,5,9,7,6,11,7,7,13,7,8,15,7,9,17, , , , , , , , , , , , , , , , , , , , , , , , , , , , , , , , , , , , 
0,43,26,26,10,1,1,3,4,12,30,99,2048,8,Neoverse-N1,1024,80,-1,100000,1.80383E+14,5730054963,9.22337E+18,509778,467777,1568,41838,38991,0,0,0,7,2,3,7,3,5,7,4,7,7,5,9,7,6,11,7,7,13,7,8,15,7,9,17, , , , , , , , , , , , , , , , , , , , , , , , , , , , , , , , , , , , 
1,44,25,25,10,1,1,3,4,12,30,99,2048,12,Neoverse-N1,1024,80,-1,100000,1.80637E+14,5735894220,9.22337E+18,505762,488261,2101,61777,58442,0,0,0,7,2,3,7,3,5,7,4,7,7,5,9,7,6,11,7,7,13,7,8,15,7,9,17,7,10,19,7,11,21,7,12,23,7,13,25, , , , , , , , , , , , , , , , , , , , , , , , 
0,45,36,36,10,1,1,3,4,12,30,99,2048,12,Neoverse-N1,1024,80,-1,100000,1.80749E+14,5739570790,9.22337E+18,556728,488720,2189,61594,58533,0,0,0,7,2,3,7,3,5,6,4,7,7,5,9,7,6,11,7,7,13,6,8,15,7,9,17,7,10,19,7,11,21,7,12,23,7,13,25, , , , , , , , , , , , , , , , , , , , , , , , 
1,46,27,27,10,1,1,3,4,12,30,99,2048,16,Neoverse-N1,1024,80,-1,100000,1.81112E+14,5735029145,9.22337E+18,552754,462319,2540,81916,78005,0,0,0,7,2,3,7,3,5,6,4,7,7,5,9,7,6,11,7,7,13,6,8,15,7,9,17,7,10,19,7,11,21,6,12,23,7,13,25,7,14,27,7,15,29,6,16,31,7,17,33, , , , , , , , , , , , 
0,47,38,38,10,1,1,3,4,12,30,99,2048,16,Neoverse-N1,1024,80,-1,100000,1.81258E+14,5738273177,9.22337E+18,503650,511342,2591,81825,78198,0,0,0,7,2,3,7,3,5,6,4,7,7,5,9,7,6,11,7,7,13,7,8,15,7,9,17,7,10,19,7,11,21,6,12,23,7,13,25,7,14,27,7,15,29,7,16,31,7,17,33, , , , , , , , , , , , 
1,48,11,11,10,1,1,3,4,12,30,99,2048,20,Neoverse-N1,1024,80,-1,100000,1.81459E+14,5733731532,9.22337E+18,535191,423869,3255,110666,105159,0,0,0,7,2,3,7,3,5,7,4,7,7,5,9,7,6,11,7,7,13,7,8,15,7,9,17,7,10,19,7,11,21,7,12,23,7,13,25,7,14,27,7,15,29,6,16,31,7,17,33,7,18,35,7,19,37,7,20,39,7,21,41
0,49,22,22,10,1,1,3,4,12,30,99,2048,20,Neoverse-N1,1024,80,-1,100000,1.81667E+14,5738921984,9.22337E+18,591625,511573,3609,110743,105722,0,0,0,7,2,3,7,3,5,7,4,7,7,5,9,7,6,11,7,7,13,6,8,15,7,9,17,7,10,19,7,11,21,6,12,23,7,13,25,7,14,27,7,15,29,6,16,31,7,17,33,7,18,35,6,19,37,6,20,39,7,21,41
1,50,13,13,10,1,1,3,4,12,30,99,256,4,Neoverse-N1,1024,80,-1,100000,1.81832E+14,5725945856,9.22337E+18,514707,493822,1271,20815,19550,0,0,0,7,2,3,7,3,5,7,4,7,7,5,9, , , , , , , , , , , , , , , , , , , , , , , , , , , , , , , , , , , , , , , , , , , , , , , , 
0,51,24,24,10,1,1,3,4,12,30,99,256,4,Neoverse-N1,1024,80,-1,100000,1.81877E+14,5727892275,9.22337E+18,514912,493925,1367,20918,19552,0,0,0,7,2,3,7,3,5,6,4,7,7,5,9, , , , , , , , , , , , , , , , , , , , , , , , , , , , , , , , , , , , , , , , , , , , , , , , 
1,52,12,12,10,1,1,3,4,12,30,99,256,8,Neoverse-N1,1024,80,-1,100000,1.81956E+14,5728108544,9.22337E+18,509878,515705,1957,40886,38941,0,0,0,7,2,3,7,3,5,7,4,7,7,5,9,7,6,11,7,7,13,7,8,15,7,9,17, , , , , , , , , , , , , , , , , , , , , , , , , , , , , , , , , , , , 
0,53,23,23,10,1,1,3,4,12,30,99,256,8,Neoverse-N1,1024,80,-1,100000,1.82034E+14,5728324812,9.22337E+18,509772,468121,1841,41491,38874,0,0,0,7,2,3,7,3,5,6,4,7,7,5,9,7,6,11,7,7,13,7,8,15,7,9,17, , , , , , , , , , , , , , , , , , , , , , , , , , , , , , , , , , , , 
1,54,22,22,10,1,1,3,4,12,30,99,256,12,Neoverse-N1,1024,80,-1,100000,1.82258E+14,5728541081,9.22337E+18,506883,578132,2013,61946,58450,0,0,0,7,2,3,7,3,5,7,4,7,7,5,9,7,6,11,7,7,13,7,8,15,7,9,17,7,10,19,7,11,21,6,12,23,7,13,25, , , , , , , , , , , , , , , , , , , , , , , , 
0,55,33,33,10,1,1,3,4,12,30,99,256,12,Neoverse-N1,1024,80,-1,100000,1.8237E+14,5732001382,9.22337E+18,507942,490592,2165,61776,58586,0,0,0,7,2,3,7,3,5,7,4,7,7,5,9,7,6,11,7,7,13,7,8,15,7,9,17,7,10,19,7,11,21,7,12,23,7,13,25, , , , , , , , , , , , , , , , , , , , , , , , 
1,56,15,15,10,1,1,3,4,12,30,99,256,16,Neoverse-N1,1024,80,-1,100000,1.82575E+14,5734164070,9.22337E+18,502066,419256,2486,82471,77985,0,0,0,7,2,3,7,3,5,7,4,7,7,5,9,7,6,11,7,7,13,7,8,15,7,9,17,7,10,19,7,11,21,7,12,23,7,13,25,7,14,27,7,15,29,7,16,31,7,17,33, , , , , , , , , , , , 
0,57,26,26,10,1,1,3,4,12,30,99,256,16,Neoverse-N1,1024,80,-1,100000,1.82721E+14,5736326758,9.22337E+18,503811,421556,2549,81953,78135,0,0,0,7,2,3,7,3,5,7,4,7,7,5,9,7,6,11,7,7,13,7,8,15,7,9,17,7,10,19,7,11,21,7,12,23,7,13,25,7,14,27,7,15,29,7,16,31,7,17,33, , , , , , , , , , , , 
1,58,12,12,10,1,1,3,4,12,30,99,256,20,Neoverse-N1,1024,80,-1,100000,1.8294E+14,5734812876,9.22337E+18,580815,499426,3209,109154,103696,0,0,0,7,2,3,7,3,5,6,4,7,7,5,9,7,6,11,7,7,13,6,8,15,7,9,17,7,10,19,7,11,21,7,12,23,7,13,25,7,14,27,7,15,29,7,16,31,7,17,33,7,18,35,7,19,37,7,20,39,7,21,41
0,59,23,23,10,1,1,3,4,12,30,99,256,20,Neoverse-N1,1024,80,-1,100000,1.83144E+14,5737840640,9.22337E+18,535774,425445,3267,109798,104977,0,0,0,7,2,3,7,3,5,6,4,7,7,5,9,7,6,11,7,7,13,7,8,15,7,9,17,7,10,19,7,11,21,6,12,23,7,13,25,7,14,27,7,15,29,6,16,31,7,17,33,7,18,35,7,19,37,7,20,39,7,21,41
1,60,12,12,10,1,1,3,4,12,50,99,16384,4,Neoverse-N1,1024,80,-1,100000,1.83303E+14,5732433920,9.22337E+18,565010,591288,1181,20728,19553,0,0,0,7,2,3,7,3,5,7,4,7,7,5,9, , , , , , , , , , , , , , , , , , , , , , , , , , , , , , , , , , , , , , , , , , , , , , , , 
0,61,23,23,10,1,1,3,4,12,50,99,16384,4,Neoverse-N1,1024,80,-1,100000,1.83348E+14,5732001382,9.22337E+18,514927,494123,1252,20766,19517,0,0,0,7,2,3,7,3,5,7,4,7,7,5,9, , , , , , , , , , , , , , , , , , , , , , , , , , , , , , , , , , , , , , , , , , , , , , , , 
1,62,11,11,10,1,1,3,4,12,50,99,16384,8,Neoverse-N1,1024,80,-1,100000,1.83421E+14,5729622425,9.22337E+18,509274,468461,1876,40708,38855,0,0,0,7,2,3,7,3,5,7,4,7,7,5,9,7,6,11,7,7,13,7,8,15,7,9,17, , , , , , , , , , , , , , , , , , , , , , , , , , , , , , , , , , , , 
0,63,22,22,10,1,1,3,4,12,50,99,16384,8,Neoverse-N1,1024,80,-1,100000,1.83499E+14,5730271232,9.22337E+18,510280,563307,1721,40566,38856,0,0,0,7,2,3,7,3,5,6,4,7,7,5,9,7,6,11,7,7,13,6,8,15,7,9,17, , , , , , , , , , , , , , , , , , , , , , , , , , , , , , , , , , , , 
1,64,13,13,10,1,1,3,4,12,50,99,16384,12,Neoverse-N1,1024,80,-1,100000,1.83632E+14,5732217651,9.22337E+18,556041,489201,2399,60740,58351,0,0,0,7,2,3,7,3,5,7,4,7,7,5,9,7,6,11,7,7,13,6,8,15,7,9,17,7,10,19,7,11,21,6,12,23,7,13,25, , , , , , , , , , , , , , , , , , , , , , , , 
0,65,24,24,10,1,1,3,4,12,50,99,16384,12,Neoverse-N1,1024,80,-1,100000,1.83745E+14,5735894220,9.22337E+18,506098,444366,1695,61575,58512,0,0,0,7,2,3,7,3,5,7,4,7,7,5,9,7,6,11,7,7,13,6,8,15,7,9,17,7,10,19,7,11,21,7,12,23,7,13,25, , , , , , , , , , , , , , , , , , , , , , , , 
1,66,15,15,10,1,1,3,4,12,50,99,16384,16,Neoverse-N1,1024,80,-1,100000,1.83951E+14,5731568844,9.22337E+18,502223,420784,2281,81226,77873,0,0,0,7,2,3,7,3,5,6,4,7,7,5,9,7,6,11,7,7,13,7,8,15,7,9,17,7,10,19,7,11,21,6,12,23,7,13,25,7,14,27,7,15,29,7,16,31,7,17,33, , , , , , , , , , , , 
0,67,26,26,10,1,1,3,4,12,50,99,16384,16,Neoverse-N1,1024,80,-1,100000,1.84097E+14,5734812876,9.22337E+18,502934,421387,2089,81338,78042,0,0,0,7,2,3,7,3,5,7,4,7,7,5,9,7,6,11,7,7,13,7,8,15,7,9,17,7,10,19,7,11,21,7,12,23,7,13,25,7,14,27,7,15,29,6,16,31,7,17,33, , , , , , , , , , , , 
1,68,12,12,10,1,1,3,4,12,50,99,16384,20,Neoverse-N1,1024,80,-1,100000,1.84319E+14,5732650188,9.22337E+18,646523,471153,2576,110100,105684,0,0,0,7,2,3,7,3,5,7,4,7,7,5,9,7,6,11,7,7,13,6,8,15,7,9,17,7,10,19,7,11,21,7,12,23,7,13,25,7,14,27,7,15,29,7,16,31,7,17,33,7,18,35,7,19,37,7,20,39,7,21,41
0,69,23,23,10,1,1,3,4,12,50,99,16384,20,Neoverse-N1,1024,80,-1,100000,1.84524E+14,5737191833,9.22337E+18,536701,427364,2601,108912,104978,0,0,0,7,2,3,7,3,5,7,4,7,7,5,9,7,6,11,7,7,13,7,8,15,7,9,17,7,10,19,7,11,21,7,12,23,7,13,25,7,14,27,7,15,29,7,16,31,7,17,33,7,18,35,7,19,37,7,20,39,7,21,41
1,70,12,12,10,1,1,3,4,12,50,99,2048,4,Neoverse-N1,1024,80,-1,100000,1.84686E+14,5728973619,9.22337E+18,514114,542825,1139,20661,19527,0,0,0,7,2,3,7,3,5,7,4,7,7,5,9, , , , , , , , , , , , , , , , , , , , , , , , , , , , , , , , , , , , , , , , , , , , , , , , 
0,71,23,23,10,1,1,3,4,12,50,99,2048,4,Neoverse-N1,1024,80,-1,100000,1.84731E+14,5728541081,9.22337E+18,514916,593279,1148,20625,19481,0,0,0,7,2,3,7,3,5,7,4,7,7,5,9, , , , , , , , , , , , , , , , , , , , , , , , , , , , , , , , , , , , , , , , , , , , , , , , 
1,72,11,11,10,1,1,3,4,12,50,99,2048,8,Neoverse-N1,1024,80,-1,100000,1.84804E+14,5729406156,9.22337E+18,611148,515219,2139,41003,38892,0,0,0,7,2,3,7,3,5,7,4,7,7,5,9,7,6,11,7,7,13,7,8,15,7,9,17, , , , , , , , , , , , , , , , , , , , , , , , , , , , , , , , , , , , 
0,73,22,22,10,1,1,3,4,12,50,99,2048,8,Neoverse-N1,1024,80,-1,100000,1.84882E+14,5729189888,9.22337E+18,510296,469397,1872,40789,38933,0,0,0,7,2,3,7,3,5,7,4,7,7,5,9,7,6,11,7,7,13,7,8,15,7,9,17, , , , , , , , , , , , , , , , , , , , , , , , , , , , , , , , , , , , 
1,74,12,12,10,1,1,3,4,12,50,99,2048,12,Neoverse-N1,1024,80,-1,100000,1.85005E+14,5728757350,9.22337E+18,503301,442355,2315,60784,58479,0,0,0,7,2,3,7,3,5,6,4,7,7,5,9,7,6,11,7,7,13,7,8,15,7,9,17,7,10,19,7,11,21,7,12,23,7,13,25, , , , , , , , , , , , , , , , , , , , , , , , 
0,75,23,23,10,1,1,3,4,12,50,99,2048,12,Neoverse-N1,1024,80,-1,100000,1.85117E+14,5730703769,9.22337E+18,556290,488306,1727,61744,58512,0,0,0,7,2,3,7,3,5,6,4,7,7,5,9,7,6,11,7,7,13,7,8,15,7,9,17,7,10,19,7,11,21,7,12,23,7,13,25, , , , , , , , , , , , , , , , , , , , , , , , 
1,76,13,13,10,1,1,3,4,12,50,99,2048,16,Neoverse-N1,1024,80,-1,100000,1.85297E+14,5730054963,9.22337E+18,551943,462695,2465,81017,77879,0,0,0,7,2,3,7,3,5,6,4,7,7,5,9,7,6,11,7,7,13,6,8,15,7,9,17,7,10,19,7,11,21,7,12,23,7,13,25,7,14,27,7,15,29,7,16,31,7,17,33, , , , , , , , , , , , 
0,77,24,24,10,1,1,3,4,12,50,99,2048,16,Neoverse-N1,1024,80,-1,100000,1.85443E+14,5732217651,9.22337E+18,502812,421341,1936,81272,78021,0,0,0,7,2,3,7,3,5,7,4,7,7,5,9,7,6,11,7,7,13,7,8,15,7,9,17,7,10,19,7,11,21,7,12,23,7,13,25,7,14,27,7,15,29,6,16,31,7,17,33, , , , , , , , , , , , 
1,78,18,18,10,1,1,3,4,12,50,99,2048,20,Neoverse-N1,1024,80,-1,100000,1.85767E+14,5733515264,9.22337E+18,542764,431675,2720,110650,106339,0,0,0,7,2,3,6,3,5,6,4,7,7,5,9,7,6,11,7,7,13,7,8,15,7,9,17,7,10,19,7,11,21,7,12,23,7,13,25,7,14,27,7,15,29,7,16,31,7,17,33,7,18,35,7,19,37,7,20,39,7,21,41
0,79,29,29,10,1,1,3,4,12,50,99,2048,20,Neoverse-N1,1024,80,-1,100000,1.85979E+14,5736326758,9.22337E+18,537361,427840,2695,109101,105206,0,0,0,7,2,3,7,3,5,7,4,7,7,5,9,7,6,11,7,7,13,6,8,15,7,9,17,7,10,19,7,11,21,7,12,23,7,13,25,7,14,27,7,15,29,7,16,31,7,17,33,7,18,35,7,19,37,7,20,39,7,21,41
1,80,11,11,10,1,1,3,4,12,50,99,256,4,Neoverse-N1,1024,80,-1,100000,1.86139E+14,5726810931,9.22337E+18,514502,493654,1256,20804,19554,0,0,0,7,2,3,7,3,5,7,4,7,7,5,9, , , , , , , , , , , , , , , , , , , , , , , , , , , , , , , , , , , , , , , , , , , , , , , , 
0,81,22,22,10,1,1,3,4,12,50,99,256,4,Neoverse-N1,1024,80,-1,100000,1.86183E+14,5727027200,9.22337E+18,566900,543957,1292,20841,19554,0,0,0,7,2,3,7,3,5,7,4,7,7,5,9, , , , , , , , , , , , , , , , , , , , , , , , , , , , , , , , , , , , , , , , , , , , , , , , 
1,82,14,14,10,1,1,3,4,12,50,99,256,8,Neoverse-N1,1024,80,-1,100000,1.86277E+14,5728973619,9.22337E+18,510961,470103,1816,40751,38959,0,0,0,7,2,3,7,3,5,7,4,7,7,5,9,7,6,11,7,7,13,7,8,15,7,9,17, , , , , , , , , , , , , , , , , , , , , , , , , , , , , , , , , , , , 
0,83,25,25,10,1,1,3,4,12,50,99,256,8,Neoverse-N1,1024,80,-1,100000,1.86356E+14,5730054963,9.22337E+18,511766,517901,1812,40775,38970,0,0,0,7,2,3,7,3,5,7,4,7,7,5,9,7,6,11,7,7,13,7,8,15,7,9,17, , , , , , , , , , , , , , , , , , , , , , , , , , , , , , , , , , , , 
1,84,17,17,10,1,1,3,4,12,50,99,256,12,Neoverse-N1,1024,80,-1,100000,1.86529E+14,5730487500,9.22337E+18,506346,445108,2185,61085,58503,0,0,0,7,2,3,7,3,5,7,4,7,7,5,9,7,6,11,7,7,13,7,8,15,6,9,17,7,10,19,7,11,21,7,12,23,7,13,25, , , , , , , , , , , , , , , , , , , , , , , , 
0,85,28,28,10,1,1,3,4,12,50,99,256,12,Neoverse-N1,1024,80,-1,100000,1.86641E+14,5734164070,9.22337E+18,506470,444872,1525,61452,58551,0,0,0,7,2,3,7,3,5,7,4,7,7,5,9,7,6,11,7,7,13,6,8,15,7,9,17,7,10,19,7,11,21,7,12,23,7,13,25, , , , , , , , , , , , , , , , , , , , , , , , 
1,86,11,11,10,1,1,3,4,12,50,99,256,16,Neoverse-N1,1024,80,-1,100000,1.86795E+14,5733082726,9.22337E+18,500418,419272,2420,80924,77970,0,0,0,7,2,3,7,3,5,7,4,7,7,5,9,7,6,11,7,7,13,6,8,15,7,9,17,7,10,19,7,11,21,7,12,23,7,13,25,7,14,27,7,15,29,7,16,31,7,17,33, , , , , , , , , , , , 
0,87,22,22,10,1,1,3,4,12,50,99,256,16,Neoverse-N1,1024,80,-1,100000,1.86942E+14,5732217651,9.22337E+18,502659,462908,2015,81512,78041,0,0,0,7,2,3,7,3,5,7,4,7,7,5,9,7,6,11,7,7,13,6,8,15,7,9,17,7,10,19,7,11,21,7,12,23,7,13,25,7,14,27,7,15,29,7,16,31,7,17,33, , , , , , , , , , , , 
1,88,12,12,10,1,1,3,4,12,50,99,256,20,Neoverse-N1,1024,80,-1,100000,1.87163E+14,5733298995,9.22337E+18,534239,424521,2688,109264,104844,0,0,0,7,2,3,7,3,5,6,4,7,7,5,9,7,6,11,7,7,13,7,8,15,7,9,17,7,10,19,7,11,21,7,12,23,7,13,25,7,14,27,7,15,29,7,16,31,7,17,33,7,18,35,7,19,37,6,20,39,7,21,41
0,89,23,23,10,1,1,3,4,12,50,99,256,20,Neoverse-N1,1024,80,-1,100000,1.87372E+14,5738489446,9.22337E+18,538356,471368,2522,109196,105351,0,0,0,7,2,3,7,3,5,7,4,7,7,5,9,7,6,11,7,7,13,6,8,15,7,9,17,7,10,19,7,11,21,6,12,23,7,13,25,7,14,27,7,15,29,6,16,31,7,17,33,7,18,35,7,19,37,6,20,39,7,21,41
1,90,11,11,10,1,1,3,4,12,70,99,16384,4,Neoverse-N1,1024,80,-1,100000,1.87531E+14,5730271232,9.22337E+18,515284,543821,1027,20578,19555,0,0,0,7,2,3,7,3,5,7,4,7,7,5,9, , , , , , , , , , , , , , , , , , , , , , , , , , , , , , , , , , , , , , , , , , , , , , , , 
0,91,22,22,10,1,1,3,4,12,70,99,16384,4,Neoverse-N1,1024,80,-1,100000,1.87576E+14,5729189888,9.22337E+18,515098,494431,1089,20639,19554,0,0,0,7,2,3,7,3,5,7,4,7,7,5,9, , , , , , , , , , , , , , , , , , , , , , , , , , , , , , , , , , , , , , , , , , , , , , , , 
1,92,11,11,10,1,1,3,4,12,70,99,16384,8,Neoverse-N1,1024,80,-1,100000,1.87649E+14,5731352576,9.22337E+18,512139,471591,1522,40482,38980,0,0,0,7,2,3,7,3,5,7,4,7,7,5,9,7,6,11,7,7,13,7,8,15,7,9,17, , , , , , , , , , , , , , , , , , , , , , , , , , , , , , , , , , , , 
0,93,22,22,10,1,1,3,4,12,70,99,16384,8,Neoverse-N1,1024,80,-1,100000,1.87727E+14,5732001382,9.22337E+18,562107,611953,1516,40457,38965,0,0,0,7,2,3,7,3,5,7,4,7,7,5,9,7,6,11,7,7,13,7,8,15,7,9,17, , , , , , , , , , , , , , , , , , , , , , , , , , , , , , , , , , , , 
1,94,14,14,10,1,1,3,4,12,70,99,16384,12,Neoverse-N1,1024,80,-1,100000,1.87871E+14,5730271232,9.22337E+18,506983,446473,1917,60407,58513,0,0,0,7,2,3,7,3,5,7,4,7,7,5,9,7,6,11,7,7,13,7,8,15,7,9,17,7,10,19,7,11,21,7,12,23,7,13,25, , , , , , , , , , , , , , , , , , , , , , , , 
0,95,25,25,10,1,1,3,4,12,70,99,16384,12,Neoverse-N1,1024,80,-1,100000,1.87984E+14,5727027200,9.22337E+18,506970,446680,1663,60189,58516,0,0,0,7,2,3,7,3,5,7,4,7,7,5,9,7,6,11,7,7,13,7,8,15,7,9,17,7,10,19,7,11,21,7,12,23,7,13,25, , , , , , , , , , , , , , , , , , , , , , , , 
1,96,11,11,10,1,1,3,4,12,70,99,16384,16,Neoverse-N1,1024,80,-1,100000,1.88138E+14,5730271232,9.22337E+18,552443,464169,2168,80104,77964,0,0,0,7,2,3,7,3,5,7,4,7,7,5,9,7,6,11,7,7,13,7,8,15,7,9,17,7,10,19,7,11,21,6,12,23,7,13,25,7,14,27,7,15,29,7,16,31,7,17,33, , , , , , , , , , , , 
0,97,22,22,10,1,1,3,4,12,70,99,16384,16,Neoverse-N1,1024,80,-1,100000,1.88286E+14,5732001382,9.22337E+18,502770,421982,1815,80645,77994,0,0,0,7,2,3,7,3,5,7,4,7,7,5,9,7,6,11,7,7,13,6,8,15,7,9,17,7,10,19,7,11,21,6,12,23,7,13,25,7,14,27,7,15,29,7,16,31,7,17,33, , , , , , , , , , , , 
1,98,16,16,10,1,1,3,4,12,70,99,16384,20,Neoverse-N1,1024,80,-1,100000,1.88585E+14,5733515264,9.22337E+18,552606,440305,2132,111925,108112,0,0,0,7,2,3,7,3,5,6,4,7,7,5,9,7,6,11,7,7,13,6,8,15,7,9,17,7,10,19,7,11,21,6,12,23,7,13,25,7,14,27,7,15,29,7,16,31,7,17,33,7,18,35,7,19,37,7,20,39,7,21,41
0,99,27,27,10,1,1,3,4,12,70,99,16384,20,Neoverse-N1,1024,80,-1,100000,1.88799E+14,5736543027,9.22337E+18,545502,522800,2125,109899,106604,0,0,0,7,2,3,7,3,5,7,4,7,7,5,9,7,6,11,7,7,13,7,8,15,7,9,17,7,10,19,7,11,21,6,12,23,7,13,25,7,14,27,7,15,29,6,16,31,7,17,33,7,18,35,7,19,37,7,20,39,7,21,41
1,100,13,13,10,1,1,3,4,12,70,99,2048,4,Neoverse-N1,1024,80,-1,100000,1.88968E+14,5727676006,9.22337E+18,514993,494378,1033,20588,19560,0,0,0,7,2,3,7,3,5,6,4,7,7,5,9, , , , , , , , , , , , , , , , , , , , , , , , , , , , , , , , , , , , , , , , , , , , , , , , 
0,101,24,24,10,1,1,3,4,12,70,99,2048,4,Neoverse-N1,1024,80,-1,100000,1.89012E+14,5727243468,9.22337E+18,515113,543979,1061,20613,19556,0,0,0,7,2,3,7,3,5,7,4,7,7,5,9, , , , , , , , , , , , , , , , , , , , , , , , , , , , , , , , , , , , , , , , , , , , , , , , 
1,102,14,14,10,1,1,3,4,12,70,99,2048,8,Neoverse-N1,1024,80,-1,100000,1.89106E+14,5730054963,9.22337E+18,511039,470644,1363,40318,38982,0,0,0,7,2,3,7,3,5,7,4,7,7,5,9,7,6,11,7,7,13,6,8,15,7,9,17, , , , , , , , , , , , , , , , , , , , , , , , , , , , , , , , , , , , 
0,103,25,25,10,1,1,3,4,12,70,99,2048,8,Neoverse-N1,1024,80,-1,100000,1.89185E+14,5731352576,9.22337E+18,510539,469926,1626,40519,38933,0,0,0,7,2,3,7,3,5,7,4,7,7,5,9,7,6,11,7,7,13,7,8,15,7,9,17, , , , , , , , , , , , , , , , , , , , , , , , , , , , , , , , , , , , 
1,104,19,19,10,1,1,3,4,12,70,99,2048,12,Neoverse-N1,1024,80,-1,100000,1.89379E+14,5727459737,9.22337E+18,507025,491033,1987,60447,58473,0,0,0,7,2,3,7,3,5,7,4,7,7,5,9,7,6,11,7,7,13,7,8,15,7,9,17,7,10,19,7,11,21,7,12,23,7,13,25, , , , , , , , , , , , , , , , , , , , , , , , 
0,105,30,30,10,1,1,3,4,12,70,99,2048,12,Neoverse-N1,1024,80,-1,100000,1.89492E+14,5728973619,9.22337E+18,557738,580081,1608,60607,58493,0,0,0,7,2,3,7,3,5,7,4,7,7,5,9,7,6,11,7,7,13,7,8,15,7,9,17,7,10,19,7,11,21,6,12,23,7,13,25, , , , , , , , , , , , , , , , , , , , , , , , 
1,106,15,15,10,1,1,3,4,12,70,99,2048,16,Neoverse-N1,1024,80,-1,100000,1.89699E+14,5727459737,9.22337E+18,502402,422267,2055,79987,77927,0,0,0,7,2,3,7,3,5,5,4,7,7,5,9,7,6,11,7,7,13,6,8,15,7,9,17,7,10,19,7,11,21,7,12,23,7,13,25,7,14,27,6,15,29,6,16,31,7,17,33, , , , , , , , , , , , 
0,107,26,26,10,1,1,3,4,12,70,99,2048,16,Neoverse-N1,1024,80,-1,100000,1.89847E+14,5730487500,9.22337E+18,501968,420522,1611,81291,78042,0,0,0,7,2,3,7,3,5,6,4,7,7,5,9,7,6,11,7,7,13,6,8,15,7,9,17,7,10,19,7,11,21,7,12,23,7,13,25,7,14,27,7,15,29,6,16,31,7,17,33, , , , , , , , , , , , 
1,108,14,14,10,1,1,3,4,12,70,99,2048,20,Neoverse-N1,1024,80,-1,100000,1.90106E+14,5727243468,9.22337E+18,531533,469079,2312,107847,104277,0,0,0,7,2,3,7,3,5,7,4,7,7,5,9,7,6,11,7,7,13,7,8,15,7,9,17,7,10,19,7,11,21,7,12,23,7,13,25,7,14,27,7,15,29,5,16,31,7,17,33,7,18,35,7,19,37,6,20,39,7,21,41
0,109,25,25,10,1,1,3,4,12,70,99,2048,20,Neoverse-N1,1024,80,-1,100000,1.90318E+14,5730271232,9.22337E+18,542722,432867,2122,109475,106106,0,0,0,7,2,3,7,3,5,7,4,7,7,5,9,7,6,11,7,7,13,6,8,15,7,9,17,7,10,19,7,11,21,7,12,23,7,13,25,7,14,27,7,15,29,6,16,31,7,17,33,7,18,35,7,19,37,7,20,39,7,21,41
1,110,11,11,10,1,1,3,4,12,70,99,256,4,Neoverse-N1,1024,80,-1,100000,1.90475E+14,5727676006,9.22337E+18,514797,494185,1026,20584,19562,0,0,0,7,2,3,7,3,5,6,4,7,7,5,9, , , , , , , , , , , , , , , , , , , , , , , , , , , , , , , , , , , , , , , , , , , , , , , , 
0,111,22,22,10,1,1,3,4,12,70,99,256,4,Neoverse-N1,1024,80,-1,100000,1.9052E+14,5726594662,9.22337E+18,567214,594073,1123,20681,19562,0,0,0,7,2,3,7,3,5,7,4,7,7,5,9, , , , , , , , , , , , , , , , , , , , , , , , , , , , , , , , , , , , , , , , , , , , , , , , 
1,112,11,11,10,1,1,3,4,12,70,99,256,8,Neoverse-N1,1024,80,-1,100000,1.90593E+14,5726162124,9.22337E+18,509634,469139,1562,40401,38887,0,0,0,7,2,3,7,3,5,7,4,7,7,5,9,7,6,11,7,7,13,7,8,15,7,9,17, , , , , , , , , , , , , , , , , , , , , , , , , , , , , , , , , , , , 
0,113,22,22,10,1,1,3,4,12,70,99,256,8,Neoverse-N1,1024,80,-1,100000,1.90671E+14,5727892275,9.22337E+18,509842,469351,1536,40429,38905,0,0,0,7,2,3,7,3,5,6,4,7,7,5,9,7,6,11,7,7,13,7,8,15,7,9,17, , , , , , , , , , , , , , , , , , , , , , , , , , , , , , , , , , , , 
1,114,14,14,10,1,1,3,4,12,70,99,256,12,Neoverse-N1,1024,80,-1,100000,1.90815E+14,5729622425,9.22337E+18,506648,446357,1752,60189,58456,0,0,0,7,2,3,7,3,5,7,4,7,7,5,9,7,6,11,7,7,13,7,8,15,7,9,17,7,10,19,7,11,21,6,12,23,7,13,25, , , , , , , , , , , , , , , , , , , , , , , , 
0,115,25,25,10,1,1,3,4,12,70,99,256,12,Neoverse-N1,1024,80,-1,100000,1.90928E+14,5730703769,9.22337E+18,507196,491284,2049,60595,58539,0,0,0,7,2,3,7,3,5,7,4,7,7,5,9,7,6,11,7,7,13,7,8,15,7,9,17,7,10,19,7,11,21,7,12,23,7,13,25, , , , , , , , , , , , , , , , , , , , , , , , 
1,116,12,12,10,1,1,3,4,12,70,99,256,16,Neoverse-N1,1024,80,-1,100000,1.91095E+14,5728973619,9.22337E+18,501881,421586,2252,80152,77920,0,0,0,7,2,3,7,3,5,6,4,7,7,5,9,7,6,11,7,7,13,7,8,15,7,9,17,7,10,19,7,11,21,7,12,23,7,13,25,7,14,27,7,15,29,7,16,31,7,17,33, , , , , , , , , , , , 
0,117,23,23,10,1,1,3,4,12,70,99,256,16,Neoverse-N1,1024,80,-1,100000,1.91242E+14,5728973619,9.22337E+18,503254,422263,1697,80848,77901,0,0,0,7,2,3,7,3,5,7,4,7,7,5,9,7,6,11,6,7,13,7,8,15,7,9,17,7,10,19,7,11,21,7,12,23,7,13,25,7,14,27,7,15,29,6,16,31,7,17,33, , , , , , , , , , , , 
1,118,11,11,10,1,1,3,4,12,70,99,256,20,Neoverse-N1,1024,80,-1,100000,1.91451E+14,5725513318,9.22337E+18,561611,447741,2584,113506,109992,0,0,0,7,2,3,7,3,5,6,4,7,7,5,9,7,6,11,7,7,13,6,8,15,7,9,17,7,10,19,7,11,21,7,12,23,7,13,25,7,14,27,7,15,29,6,16,31,7,17,33,7,18,35,7,19,37,6,20,39,7,21,41
0,119,22,22,10,1,1,3,4,12,70,99,256,20,Neoverse-N1,1024,80,-1,100000,1.91665E+14,5728973619,9.22337E+18,552238,440226,2165,111666,108136,0,0,0,7,2,3,7,3,5,6,4,7,7,5,9,7,6,11,7,7,13,7,8,15,7,9,17,7,10,19,7,11,21,7,12,23,7,13,25,7,14,27,7,15,29,6,16,31,7,17,33,7,18,35,7,19,37,7,20,39,7,21,41
1,120,17,17,10,1,1,4,4,16,10,99,16384,4,Neoverse-N1,1024,80,-1,100000,1.91852E+14,5728757350,9.22337E+18,391793,370742,1386,20948,19564,0,0,0,7,2,3,7,3,5,7,4,7,7,5,9, , , , , , , , , , , , , , , , , , , , , , , , , , , , , , , , , , , , , , , , , , , , , , , , 
0,121,28,28,10,1,1,4,4,16,10,99,16384,4,Neoverse-N1,1024,80,-1,100000,1.91897E+14,5729189888,9.22337E+18,391671,444857,1296,20823,19521,0,0,0,7,2,3,7,3,5,7,4,7,7,5,9, , , , , , , , , , , , , , , , , , , , , , , , , , , , , , , , , , , , , , , , , , , , , , , , 
1,122,11,11,10,1,1,4,4,16,10,99,16384,8,Neoverse-N1,1024,80,-1,100000,1.91969E+14,5728973619,9.22337E+18,425438,379708,2398,41344,38932,0,0,0,7,2,3,7,3,5,7,4,7,7,5,9,7,6,11,7,7,13,7,8,15,7,9,17, , , , , , , , , , , , , , , , , , , , , , , , , , , , , , , , , , , , 
0,123,22,22,10,1,1,4,4,16,10,99,16384,8,Neoverse-N1,1024,80,-1,100000,1.92047E+14,5731568844,9.22337E+18,386798,344340,1464,42242,38957,0,0,0,7,2,3,7,3,5,7,4,7,7,5,9,7,6,11,7,7,13,7,8,15,7,9,17, , , , , , , , , , , , , , , , , , , , , , , , , , , , , , , , , , , , 
1,124,11,11,10,1,1,4,4,16,10,99,16384,12,Neoverse-N1,1024,80,-1,100000,1.92159E+14,5728973619,9.22337E+18,384521,322017,2291,62147,58496,0,0,0,7,2,3,7,3,5,7,4,7,7,5,9,7,6,11,7,7,13,6,8,15,7,9,17,7,10,19,7,11,21,7,12,23,7,13,25, , , , , , , , , , , , , , , , , , , , , , , , 
0,125,22,22,10,1,1,4,4,16,10,99,16384,12,Neoverse-N1,1024,80,-1,100000,1.92271E+14,5732866457,9.22337E+18,384947,354736,2150,62080,58585,0,0,0,7,2,3,7,3,5,7,4,7,7,5,9,7,6,11,7,7,13,7,8,15,7,9,17,7,10,19,7,11,21,7,12,23,7,13,25, , , , , , , , , , , , , , , , , , , , , , , , 
1,126,12,12,10,1,1,4,4,16,10,99,16384,16,Neoverse-N1,1024,80,-1,100000,1.92437E+14,5730271232,9.22337E+18,381712,298452,2722,82776,77912,0,0,0,7,2,3,7,3,5,7,4,7,7,5,9,7,6,11,7,7,13,6,8,15,7,9,17,7,10,19,7,11,21,7,12,23,7,13,25,7,14,27,7,15,29,7,16,31,7,17,33, , , , , , , , , , , , 
0,127,23,23,10,1,1,4,4,16,10,99,16384,16,Neoverse-N1,1024,80,-1,100000,1.92583E+14,5734380339,9.22337E+18,382589,299907,2907,82277,78080,0,0,0,7,2,3,7,3,5,7,4,7,7,5,9,7,6,11,7,7,13,6,8,15,7,9,17,7,10,19,7,11,21,7,12,23,7,13,25,7,14,27,7,15,29,7,16,31,7,17,33, , , , , , , , , , , , 
1,128,13,13,10,1,1,4,4,16,10,99,16384,20,Neoverse-N1,1024,80,-1,100000,1.92827E+14,5730487500,9.22337E+18,412045,322972,3551,88361,82348,0,0,0,7,2,3,7,3,5,1,4,7,7,5,9,7,6,11,7,7,13,7,8,15,7,9,17,7,10,19,7,11,21,1,12,23,7,13,25,7,14,27,7,15,29,1,16,31,7,17,33,7,18,35,7,19,37,1,20,39,7,21,41
0,129,24,24,10,1,1,4,4,16,10,99,16384,20,Neoverse-N1,1024,80,-1,100000,1.93037E+14,5740868403,9.22337E+18,411252,302602,3698,107986,102734,0,0,0,7,2,3,7,3,5,1,4,7,7,5,9,7,6,11,7,7,13,0,8,15,7,9,17,7,10,19,7,11,21,0,12,23,7,13,25,7,14,27,7,15,29,0,16,31,7,17,33,7,18,35,7,19,37,0,20,39,7,21,41
1,130,12,12,10,1,1,4,4,16,10,99,2048,4,Neoverse-N1,1024,80,-1,100000,1.93198E+14,5723783168,9.22337E+18,390349,369324,1360,20920,19565,0,0,0,7,2,3,7,3,5,6,4,7,7,5,9, , , , , , , , , , , , , , , , , , , , , , , , , , , , , , , , , , , , , , , , , , , , , , , , 
0,131,23,23,10,1,1,4,4,16,10,99,2048,4,Neoverse-N1,1024,80,-1,100000,1.93242E+14,5723566899,9.22337E+18,429208,406027,1389,20955,19564,0,0,0,7,2,3,7,3,5,7,4,7,7,5,9, , , , , , , , , , , , , , , , , , , , , , , , , , , , , , , , , , , , , , , , , , , , , , , , 
1,132,16,16,10,1,1,4,4,16,10,99,2048,8,Neoverse-N1,1024,80,-1,100000,1.9335E+14,5721836748,9.22337E+18,388152,345986,2115,41937,38987,0,0,0,7,2,3,7,3,5,7,4,7,7,5,9,7,6,11,7,7,13,6,8,15,7,9,17, , , , , , , , , , , , , , , , , , , , , , , , , , , , , , , , , , , , 
0,133,27,27,10,1,1,4,4,16,10,99,2048,8,Neoverse-N1,1024,80,-1,100000,1.93428E+14,5725080780,9.22337E+18,388226,346137,1614,41882,39013,0,0,0,7,2,3,7,3,5,7,4,7,7,5,9,7,6,11,7,7,13,7,8,15,7,9,17, , , , , , , , , , , , , , , , , , , , , , , , , , , , , , , , , , , , 
1,134,13,13,10,1,1,4,4,16,10,99,2048,12,Neoverse-N1,1024,80,-1,100000,1.9356E+14,5725945856,9.22337E+18,384108,321489,2506,62260,58375,0,0,0,7,2,3,7,3,5,7,4,7,7,5,9,7,6,11,7,7,13,7,8,15,7,9,17,7,10,19,7,11,21,7,12,23,7,13,25, , , , , , , , , , , , , , , , , , , , , , , , 
0,135,24,24,10,1,1,4,4,16,10,99,2048,12,Neoverse-N1,1024,80,-1,100000,1.93672E+14,5728757350,9.22337E+18,423426,354760,2197,62103,58601,0,0,0,7,2,3,7,3,5,7,4,7,7,5,9,7,6,11,7,7,13,7,8,15,7,9,17,7,10,19,7,11,21,7,12,23,7,13,25, , , , , , , , , , , , , , , , , , , , , , , , 
1,136,11,11,10,1,1,4,4,16,10,99,2048,16,Neoverse-N1,1024,80,-1,100000,1.93824E+14,5727027200,9.22337E+18,381213,327899,2912,82627,77938,0,0,0,7,2,3,6,3,5,7,4,7,7,5,9,7,6,11,7,7,13,7,8,15,7,9,17,7,10,19,7,11,21,7,12,23,7,13,25,7,14,27,7,15,29,7,16,31,7,17,33, , , , , , , , , , , , 
0,137,22,22,10,1,1,4,4,16,10,99,2048,16,Neoverse-N1,1024,80,-1,100000,1.93971E+14,5730487500,9.22337E+18,382395,299425,3007,82545,78110,0,0,0,7,2,3,7,3,5,6,4,7,7,5,9,7,6,11,7,7,13,7,8,15,7,9,17,7,10,19,7,11,21,6,12,23,7,13,25,7,14,27,7,15,29,6,16,31,7,17,33, , , , , , , , , , , , 
1,138,15,15,10,1,1,4,4,16,10,99,2048,20,Neoverse-N1,1024,80,-1,100000,1.94251E+14,5732650188,9.22337E+18,416993,327324,3595,88954,83252,0,0,0,7,2,3,7,3,5,0,4,7,7,5,9,7,6,11,7,7,13,1,8,15,7,9,17,7,10,19,7,11,21,7,12,23,7,13,25,7,14,27,7,15,29,0,16,31,7,17,33,7,18,35,7,19,37,0,20,39,7,21,41
0,139,26,26,10,1,1,4,4,16,10,99,2048,20,Neoverse-N1,1024,80,-1,100000,1.94467E+14,5736759296,9.22337E+18,455041,396568,3897,108861,103553,0,0,0,7,2,3,7,3,5,1,4,7,7,5,9,7,6,11,7,7,13,0,8,15,7,9,17,7,10,19,7,11,21,0,12,23,7,13,25,7,14,27,7,15,29,0,16,31,7,17,33,7,18,35,7,19,37,1,20,39,7,21,41
1,140,17,17,10,1,1,4,4,16,10,99,256,4,Neoverse-N1,1024,80,-1,100000,1.94647E+14,5726162124,9.22337E+18,391538,407585,1358,20921,19565,0,0,0,7,2,3,7,3,5,7,4,7,7,5,9, , , , , , , , , , , , , , , , , , , , , , , , , , , , , , , , , , , , , , , , , , , , , , , , 
0,141,28,28,10,1,1,4,4,16,10,99,256,4,Neoverse-N1,1024,80,-1,100000,1.94692E+14,5726810931,9.22337E+18,391520,370456,1390,20962,19566,0,0,0,7,2,3,7,3,5,7,4,7,7,5,9, , , , , , , , , , , , , , , , , , , , , , , , , , , , , , , , , , , , , , , , , , , , , , , , 
1,142,11,11,10,1,1,4,4,16,10,99,256,8,Neoverse-N1,1024,80,-1,100000,1.94764E+14,5724648243,9.22337E+18,386373,379496,2228,41209,38974,0,0,0,7,2,3,7,3,5,7,4,7,7,5,9,7,6,11,7,7,13,6,8,15,7,9,17, , , , , , , , , , , , , , , , , , , , , , , , , , , , , , , , , , , , 
0,143,22,22,10,1,1,4,4,16,10,99,256,8,Neoverse-N1,1024,80,-1,100000,1.94842E+14,5726594662,9.22337E+18,387067,378966,1544,42294,39007,0,0,0,7,2,3,7,3,5,7,4,7,7,5,9,7,6,11,7,7,13,7,8,15,7,9,17, , , , , , , , , , , , , , , , , , , , , , , , , , , , , , , , , , , , 
1,144,12,12,10,1,1,4,4,16,10,99,256,12,Neoverse-N1,1024,80,-1,100000,1.94964E+14,5726378393,9.22337E+18,384398,321672,2310,62364,58511,0,0,0,7,2,3,7,3,5,7,4,7,7,5,9,7,6,11,7,7,13,6,8,15,7,9,17,7,10,19,7,11,21,7,12,23,7,13,25, , , , , , , , , , , , , , , , , , , , , , , , 
0,145,23,23,10,1,1,4,4,16,10,99,256,12,Neoverse-N1,1024,80,-1,100000,1.95076E+14,5729406156,9.22337E+18,385374,387661,2333,62191,58585,0,0,0,7,2,3,7,3,5,6,4,7,7,5,9,7,6,11,7,7,13,7,8,15,7,9,17,7,10,19,7,11,21,7,12,23,7,13,25, , , , , , , , , , , , , , , , , , , , , , , , 
1,146,11,11,10,1,1,4,4,16,10,99,256,16,Neoverse-N1,1024,80,-1,100000,1.95229E+14,5729189888,9.22337E+18,381067,298024,2835,82560,77963,0,0,0,7,2,3,7,3,5,7,4,7,7,5,9,7,6,11,7,7,13,6,8,15,7,9,17,7,10,19,7,11,21,6,12,23,7,13,25,7,14,27,7,15,29,6,16,31,7,17,33, , , , , , , , , , , , 
0,147,22,22,10,1,1,4,4,16,10,99,256,16,Neoverse-N1,1024,80,-1,100000,1.95375E+14,5734380339,9.22337E+18,382409,329585,2846,82406,78104,0,0,0,7,2,3,7,3,5,6,4,7,7,5,9,7,6,11,7,7,13,7,8,15,7,9,17,7,10,19,7,11,21,7,12,23,7,13,25,7,14,27,7,15,29,6,16,31,7,17,33, , , , , , , , , , , , 
1,148,18,18,10,1,1,4,4,16,10,99,256,20,Neoverse-N1,1024,80,-1,100000,1.95712E+14,5733515264,9.22337E+18,420776,330728,3497,89288,92706,0,0,0,7,2,3,7,3,5,1,4,7,7,5,9,7,6,11,7,7,13,1,8,15,7,9,17,7,10,19,7,11,21,1,12,23,7,13,25,7,14,27,7,15,29,0,16,31,7,17,33,7,18,35,7,19,37,0,20,39,7,21,41
0,149,29,29,10,1,1,4,4,16,10,99,256,20,Neoverse-N1,1024,80,-1,100000,1.95925E+14,5737191833,9.22337E+18,420967,309936,3904,110206,105083,0,0,0,7,2,3,7,3,5,1,4,7,7,5,9,7,6,11,7,7,13,0,8,15,7,9,17,7,10,19,7,11,21,0,12,23,7,13,25,7,14,27,7,15,29,1,16,31,7,17,33,7,18,35,7,19,37,1,20,39,7,21,41
1,150,17,17,10,1,1,4,4,16,30,99,16384,4,Neoverse-N1,1024,80,-1,100000,1.96108E+14,5728973619,9.22337E+18,390707,369982,1140,22738,21487,0,0,0,7,2,3,7,3,5,7,4,7,7,5,9, , , , , , , , , , , , , , , , , , , , , , , , , , , , , , , , , , , , , , , , , , , , , , , , 
0,151,28,28,10,1,1,4,4,16,30,99,16384,4,Neoverse-N1,1024,80,-1,100000,1.96153E+14,5729622425,9.22337E+18,391097,370266,1248,20775,19530,0,0,0,7,2,3,7,3,5,7,4,7,7,5,9, , , , , , , , , , , , , , , , , , , , , , , , , , , , , , , , , , , , , , , , , , , , , , , , 
1,152,14,14,10,1,1,4,4,16,30,99,16384,8,Neoverse-N1,1024,80,-1,100000,1.96247E+14,5730487500,9.22337E+18,386538,345651,1797,40757,38975,0,0,0,7,2,3,7,3,5,7,4,7,7,5,9,7,6,11,7,7,13,7,8,15,7,9,17, , , , , , , , , , , , , , , , , , , , , , , , , , , , , , , , , , , , 
0,153,25,25,10,1,1,4,4,16,30,99,16384,8,Neoverse-N1,1024,80,-1,100000,1.96325E+14,5730487500,9.22337E+18,386856,380549,1847,40858,38981,0,0,0,7,2,3,7,3,5,7,4,7,7,5,9,7,6,11,7,7,13,7,8,15,7,9,17, , , , , , , , , , , , , , , , , , , , , , , , , , , , , , , , , , , , 
1,154,19,19,10,1,1,4,4,16,30,99,16384,12,Neoverse-N1,1024,80,-1,100000,1.9652E+14,5732650188,9.22337E+18,384414,322681,1786,61530,58488,0,0,0,7,2,3,7,3,5,7,4,7,7,5,9,7,6,11,7,7,13,6,8,15,7,9,17,7,10,19,7,11,21,7,12,23,7,13,25, , , , , , , , , , , , , , , , , , , , , , , , 
0,155,30,30,10,1,1,4,4,16,30,99,16384,12,Neoverse-N1,1024,80,-1,100000,1.96632E+14,5736326758,9.22337E+18,385088,388150,1743,61398,58562,0,0,0,7,2,3,7,3,5,6,4,7,7,5,9,7,6,11,7,7,13,7,8,15,7,9,17,7,10,19,7,11,21,7,12,23,7,13,25, , , , , , , , , , , , , , , , , , , , , , , , 
1,156,11,11,10,1,1,4,4,16,30,99,16384,16,Neoverse-N1,1024,80,-1,100000,1.96785E+14,5732650188,9.22337E+18,381717,300370,2392,81082,77936,0,0,0,7,2,3,7,3,5,6,4,7,7,5,9,7,6,11,7,7,13,6,8,15,7,9,17,7,10,19,7,11,21,7,12,23,7,13,25,7,14,27,7,15,29,6,16,31,7,17,33, , , , , , , , , , , , 
0,157,22,22,10,1,1,4,4,16,30,99,16384,16,Neoverse-N1,1024,80,-1,100000,1.96932E+14,5735029145,9.22337E+18,382089,300217,2066,81613,78031,0,0,0,7,2,3,7,3,5,7,4,7,7,5,9,7,6,11,7,7,13,7,8,15,7,9,17,7,10,19,7,11,21,7,12,23,7,13,25,7,14,27,7,15,29,6,16,31,7,17,33, , , , , , , , , , , , 
1,158,16,16,10,1,1,4,4,16,30,99,16384,20,Neoverse-N1,1024,80,-1,100000,1.97232E+14,5735245414,9.22337E+18,410827,355324,2757,86694,82104,0,0,0,7,2,3,7,3,5,1,4,7,7,5,9,7,6,11,7,7,13,1,8,15,7,9,17,7,10,19,7,11,21,0,12,23,7,13,25,7,14,27,7,15,29,1,16,31,7,17,33,7,18,35,7,19,37,1,20,39,7,21,41
0,159,27,27,10,1,1,4,4,16,30,99,16384,20,Neoverse-N1,1024,80,-1,100000,1.97442E+14,5738705715,9.22337E+18,418549,309400,2795,108675,104554,0,0,0,7,2,3,7,3,5,1,4,7,7,5,9,7,6,11,7,7,13,1,8,15,7,9,17,7,10,19,7,11,21,0,12,23,7,13,25,7,14,27,7,15,29,0,16,31,7,17,33,7,18,35,7,19,37,0,20,39,7,21,41
1,160,11,11,10,1,1,4,4,16,30,99,2048,4,Neoverse-N1,1024,80,-1,100000,1.976E+14,5725729587,9.22337E+18,508221,407160,1211,20769,19563,0,0,0,7,2,3,7,3,5,7,4,7,7,5,9, , , , , , , , , , , , , , , , , , , , , , , , , , , , , , , , , , , , , , , , , , , , , , , , 
0,161,22,22,10,1,1,4,4,16,30,99,2048,4,Neoverse-N1,1024,80,-1,100000,1.97644E+14,5725297049,9.22337E+18,431060,446310,1232,20792,19563,0,0,0,7,2,3,7,3,5,7,4,7,7,5,9, , , , , , , , , , , , , , , , , , , , , , , , , , , , , , , , , , , , , , , , , , , , , , , , 
1,162,12,12,10,1,1,4,4,16,30,99,2048,8,Neoverse-N1,1024,80,-1,100000,1.97724E+14,5727892275,9.22337E+18,387675,346831,1812,40718,38921,0,0,0,7,2,3,7,3,5,7,4,7,7,5,9,7,6,11,7,7,13,7,8,15,7,9,17, , , , , , , , , , , , , , , , , , , , , , , , , , , , , , , , , , , , 
0,163,23,23,10,1,1,4,4,16,30,99,2048,8,Neoverse-N1,1024,80,-1,100000,1.97803E+14,5728757350,9.22337E+18,386801,345922,1820,40760,38927,0,0,0,7,2,3,7,3,5,7,4,7,7,5,9,7,6,11,7,7,13,6,8,15,7,9,17, , , , , , , , , , , , , , , , , , , , , , , , , , , , , , , , , , , , 
1,164,13,13,10,1,1,4,4,16,30,99,2048,12,Neoverse-N1,1024,80,-1,100000,1.97936E+14,5728757350,9.22337E+18,422107,354996,2271,60822,58483,0,0,0,7,2,3,7,3,5,7,4,7,7,5,9,7,6,11,7,7,13,7,8,15,7,9,17,7,10,19,7,11,21,7,12,23,7,13,25, , , , , , , , , , , , , , , , , , , , , , , , 
0,165,24,24,10,1,1,4,4,16,30,99,2048,12,Neoverse-N1,1024,80,-1,100000,1.98048E+14,5731136307,9.22337E+18,383834,354075,1709,61823,58544,0,0,0,7,2,3,7,3,5,6,4,7,7,5,9,7,6,11,7,7,13,7,8,15,7,9,17,7,10,19,7,11,21,7,12,23,7,13,25, , , , , , , , , , , , , , , , , , , , , , , , 
1,166,15,15,10,1,1,4,4,16,30,99,2048,16,Neoverse-N1,1024,80,-1,100000,1.98254E+14,5733731532,9.22337E+18,381139,299136,2241,81732,77955,0,0,0,7,2,3,7,3,5,7,4,7,7,5,9,7,6,11,7,7,13,6,8,15,7,9,17,7,10,19,7,11,21,7,12,23,7,13,25,7,14,27,7,15,29,6,16,31,7,17,33, , , , , , , , , , , , 
0,167,26,26,10,1,1,4,4,16,30,99,2048,16,Neoverse-N1,1024,80,-1,100000,1.98401E+14,5736543027,9.22337E+18,382296,300593,2256,81463,77976,0,0,0,7,2,3,7,3,5,7,4,7,7,5,9,7,6,11,7,7,13,7,8,15,7,9,17,7,10,19,7,11,21,7,12,23,7,13,25,7,14,27,7,15,29,6,16,31,7,17,33, , , , , , , , , , , , 
1,168,17,17,10,1,1,4,4,16,30,99,2048,20,Neoverse-N1,1024,80,-1,100000,1.98716E+14,5733515264,9.22337E+18,407586,321243,2723,85853,81437,0,0,0,7,2,3,7,3,5,0,4,7,7,5,9,7,6,11,7,7,13,7,8,15,7,9,17,7,10,19,7,11,21,1,12,23,7,13,25,7,14,27,7,15,29,1,16,31,7,17,33,7,18,35,7,19,37,0,20,39,7,21,41
0,169,28,28,10,1,1,4,4,16,30,99,2048,20,Neoverse-N1,1024,80,-1,100000,1.98931E+14,5737840640,9.22337E+18,417066,311095,3046,105459,101160,0,0,0,7,2,3,7,3,5,1,4,7,7,5,9,7,6,11,7,7,13,0,8,15,6,9,17,7,10,19,7,11,21,0,12,23,7,13,25,7,14,27,7,15,29,1,16,31,7,17,33,7,18,35,7,19,37,0,20,39,7,21,41
1,170,12,12,10,1,1,4,4,16,30,99,256,4,Neoverse-N1,1024,80,-1,100000,1.99094E+14,5729838694,9.22337E+18,430644,444920,1213,20761,19553,0,0,0,7,2,3,7,3,5,7,4,7,7,5,9, , , , , , , , , , , , , , , , , , , , , , , , , , , , , , , , , , , , , , , , , , , , , , , , 
0,171,23,23,10,1,1,4,4,16,30,99,256,4,Neoverse-N1,1024,80,-1,100000,1.99138E+14,5728541081,9.22337E+18,430263,444459,1181,20710,19535,0,0,0,7,2,3,7,3,5,7,4,7,7,5,9, , , , , , , , , , , , , , , , , , , , , , , , , , , , , , , , , , , , , , , , , , , , , , , , 
1,172,15,15,10,1,1,4,4,16,30,99,256,8,Neoverse-N1,1024,80,-1,100000,1.99239E+14,5729189888,9.22337E+18,427522,347955,1763,40649,38898,0,0,0,7,2,3,7,3,5,7,4,7,7,5,9,7,6,11,7,7,13,6,8,15,7,9,17, , , , , , , , , , , , , , , , , , , , , , , , , , , , , , , , , , , , 
0,173,26,26,10,1,1,4,4,16,30,99,256,8,Neoverse-N1,1024,80,-1,100000,1.99318E+14,5728973619,9.22337E+18,427532,382409,1868,40868,38912,0,0,0,7,2,3,7,3,5,7,4,7,7,5,9,7,6,11,7,7,13,6,8,15,6,9,17, , , , , , , , , , , , , , , , , , , , , , , , , , , , , , , , , , , , 
1,174,12,12,10,1,1,4,4,16,30,99,256,12,Neoverse-N1,1024,80,-1,100000,1.99441E+14,5728757350,9.22337E+18,384543,323581,2255,60762,58473,0,0,0,7,2,3,7,3,5,7,4,7,7,5,9,7,6,11,7,7,13,7,8,15,7,9,17,7,10,19,7,11,21,7,12,23,7,13,25, , , , , , , , , , , , , , , , , , , , , , , , 
0,175,23,23,10,1,1,4,4,16,30,99,256,12,Neoverse-N1,1024,80,-1,100000,1.99553E+14,5732217651,9.22337E+18,422867,354740,1626,61718,58516,0,0,0,7,2,3,7,3,5,6,4,7,7,5,9,7,6,11,7,7,13,6,8,15,7,9,17,7,10,19,7,11,21,7,12,23,7,13,25, , , , , , , , , , , , , , , , , , , , , , , , 
1,176,12,12,10,1,1,4,4,16,30,99,256,16,Neoverse-N1,1024,80,-1,100000,1.9972E+14,5751898112,9.22337E+18,381309,299719,2530,81305,77875,0,0,0,7,2,3,7,3,5,6,4,7,7,5,9,7,6,11,7,7,13,7,8,15,7,9,17,7,10,19,7,11,21,6,12,23,7,13,25,7,14,27,7,15,29,7,16,31,7,17,33, , , , , , , , , , , , 
0,177,23,23,10,1,1,4,4,16,30,99,256,16,Neoverse-N1,1024,80,-1,100000,1.99867E+14,5735029145,9.22337E+18,382451,300820,1994,81361,77977,0,0,0,7,2,3,7,3,5,7,4,7,7,5,9,7,6,11,6,7,13,7,8,15,7,9,17,7,10,19,7,11,21,6,12,23,7,13,25,7,14,27,7,15,29,7,16,31,7,17,33, , , , , , , , , , , , 
1,178,20,20,10,1,1,4,4,16,30,99,256,20,Neoverse-N1,1024,80,-1,100000,2.00244E+14,5734380339,9.22337E+18,414255,319793,2756,93938,89677,0,0,0,7,2,3,7,3,5,1,4,7,7,5,9,7,6,11,7,7,13,0,8,15,7,9,17,7,10,19,7,11,21,0,12,23,7,13,25,7,14,27,7,15,29,0,16,31,7,17,33,7,18,35,7,19,37,1,20,39,7,21,41
0,179,31,31,10,1,1,4,4,16,30,99,256,20,Neoverse-N1,1024,80,-1,100000,2.00454E+14,5739138252,9.22337E+18,420816,311216,2816,109037,105095,0,0,0,7,2,3,7,3,5,1,4,7,7,5,9,7,6,11,7,7,13,0,8,15,7,9,17,7,10,19,6,11,21,1,12,23,7,13,25,7,14,27,7,15,29,1,16,31,7,17,33,7,18,35,7,19,37,0,20,39,7,21,41
1,180,22,22,10,1,1,4,4,16,50,99,16384,4,Neoverse-N1,1024,80,-1,100000,2.00658E+14,5729622425,9.22337E+18,391009,407324,1070,20620,19554,0,0,0,7,2,3,7,3,5,7,4,7,7,5,9, , , , , , , , , , , , , , , , , , , , , , , , , , , , , , , , , , , , , , , , , , , , , , , , 
0,181,33,33,10,1,1,4,4,16,50,99,16384,4,Neoverse-N1,1024,80,-1,100000,2.00702E+14,5728973619,9.22337E+18,391113,407507,1075,20626,19554,0,0,0,7,2,3,7,3,5,6,4,7,7,5,9, , , , , , , , , , , , , , , , , , , , , , , , , , , , , , , , , , , , , , , , , , , , , , , , 
1,182,12,12,10,1,1,4,4,16,50,99,16384,8,Neoverse-N1,1024,80,-1,100000,2.00782E+14,5730920038,9.22337E+18,427768,383241,1460,40398,38954,0,0,0,7,2,3,7,3,5,6,4,7,7,5,9,7,6,11,7,7,13,6,8,15,7,9,17, , , , , , , , , , , , , , , , , , , , , , , , , , , , , , , , , , , , 
0,183,23,23,10,1,1,4,4,16,50,99,16384,8,Neoverse-N1,1024,80,-1,100000,2.00861E+14,5731352576,9.22337E+18,388666,348216,1427,40370,38954,0,0,0,7,2,3,7,3,5,7,4,7,7,5,9,7,6,11,7,7,13,7,8,15,7,9,17, , , , , , , , , , , , , , , , , , , , , , , , , , , , , , , , , , , , 
1,184,21,21,10,1,1,4,4,16,50,99,16384,12,Neoverse-N1,1024,80,-1,100000,2.01076E+14,5730271232,9.22337E+18,384758,356860,1795,60215,58413,0,0,0,7,2,3,7,3,5,7,4,7,7,5,9,7,6,11,7,7,13,5,8,15,7,9,17,7,10,19,7,11,21,7,12,23,7,13,25, , , , , , , , , , , , , , , , , , , , , , , , 
0,185,32,32,10,1,1,4,4,16,50,99,16384,12,Neoverse-N1,1024,80,-1,100000,2.01189E+14,5731568844,9.22337E+18,422783,420332,1300,61127,58453,0,0,0,7,2,3,7,3,5,6,4,7,7,5,9,7,6,11,7,7,13,6,8,15,7,9,17,7,10,19,7,11,21,6,12,23,7,13,25, , , , , , , , , , , , , , , , , , , , , , , , 
1,186,11,11,10,1,1,4,4,16,50,99,16384,16,Neoverse-N1,1024,80,-1,100000,2.01342E+14,5731352576,9.22337E+18,381610,331375,2153,80055,77918,0,0,0,7,2,3,7,3,5,7,4,7,7,5,9,7,6,11,7,7,13,7,8,15,7,9,17,7,10,19,7,11,21,7,12,23,7,13,25,7,14,27,7,15,29,6,16,31,7,17,33, , , , , , , , , , , , 
0,187,22,22,10,1,1,4,4,16,50,99,16384,16,Neoverse-N1,1024,80,-1,100000,2.01489E+14,5732001382,9.22337E+18,381290,300107,1722,81007,77874,0,0,0,7,2,3,7,3,5,7,4,7,7,5,9,7,6,11,7,7,13,6,8,15,7,9,17,7,10,19,7,11,21,7,12,23,7,13,25,7,14,27,7,15,29,6,16,31,7,17,33, , , , , , , , , , , , 
1,188,15,15,10,1,1,4,4,16,50,99,16384,20,Neoverse-N1,1024,80,-1,100000,2.01777E+14,5733947801,9.22337E+18,459612,332002,2188,86865,83734,0,0,0,7,2,3,7,3,5,7,4,7,7,5,9,7,6,11,7,7,13,1,8,15,7,9,17,7,10,19,7,11,21,1,12,23,7,13,25,7,14,27,7,15,29,1,16,31,7,17,33,7,18,35,7,19,37,1,20,39,7,21,41
0,189,26,26,10,1,1,4,4,16,50,99,16384,20,Neoverse-N1,1024,80,-1,100000,2.01991E+14,5737408102,9.22337E+18,417740,347986,2137,102705,99315,0,0,0,7,2,3,7,3,5,0,4,7,7,5,9,7,6,11,7,7,13,0,8,15,7,9,17,7,10,19,7,11,21,0,12,23,7,13,25,7,14,27,7,15,29,0,16,31,7,17,33,7,18,35,7,19,37,1,20,39,7,21,41
1,190,12,12,10,1,1,4,4,16,50,99,2048,4,Neoverse-N1,1024,80,-1,100000,2.02153E+14,5732001382,9.22337E+18,390521,406803,1119,20671,19556,0,0,0,7,2,3,7,3,5,7,4,7,7,5,9, , , , , , , , , , , , , , , , , , , , , , , , , , , , , , , , , , , , , , , , , , , , , , , , 
0,191,23,23,10,1,1,4,4,16,50,99,2048,4,Neoverse-N1,1024,80,-1,100000,2.02197E+14,5732650188,9.22337E+18,390425,369779,1061,20612,19556,0,0,0,7,2,3,7,3,5,7,4,7,7,5,9, , , , , , , , , , , , , , , , , , , , , , , , , , , , , , , , , , , , , , , , , , , , , , , , 
1,192,14,14,10,1,1,4,4,16,50,99,2048,8,Neoverse-N1,1024,80,-1,100000,2.02291E+14,5734812876,9.22337E+18,386152,345540,1633,40536,38918,0,0,0,7,2,3,7,3,5,6,4,7,7,5,9,7,6,11,7,7,13,7,8,15,7,9,17, , , , , , , , , , , , , , , , , , , , , , , , , , , , , , , , , , , , 
0,193,25,25,10,1,1,4,4,16,50,99,2048,8,Neoverse-N1,1024,80,-1,100000,2.0237E+14,5734380339,9.22337E+18,387582,381657,1697,40599,38914,0,0,0,7,2,3,7,3,5,6,4,7,7,5,9,7,6,11,7,7,13,7,8,15,7,9,17, , , , , , , , , , , , , , , , , , , , , , , , , , , , , , , , , , , , 
1,194,16,16,10,1,1,4,4,16,50,99,2048,12,Neoverse-N1,1024,80,-1,100000,2.02534E+14,5736543027,9.22337E+18,422881,356527,1835,60225,58400,0,0,0,7,2,3,7,3,5,7,4,7,7,5,9,7,6,11,7,7,13,6,8,15,7,9,17,7,10,19,7,11,21,7,12,23,7,13,25, , , , , , , , , , , , , , , , , , , , , , , , 
0,195,27,27,10,1,1,4,4,16,50,99,2048,12,Neoverse-N1,1024,80,-1,100000,2.02647E+14,5736326758,9.22337E+18,422781,355507,1372,61032,58463,0,0,0,7,2,3,7,3,5,7,4,7,7,5,9,7,6,11,7,7,13,6,8,15,7,9,17,7,10,19,7,11,21,7,12,23,7,13,25, , , , , , , , , , , , , , , , , , , , , , , , 
1,196,15,15,10,1,1,4,4,16,50,99,2048,16,Neoverse-N1,1024,80,-1,100000,2.02853E+14,5732001382,9.22337E+18,381120,300678,2067,80275,77893,0,0,0,7,2,3,7,3,5,7,4,7,7,5,9,7,6,11,7,7,13,7,8,15,7,9,17,7,10,19,7,11,21,6,12,23,7,13,25,7,14,27,7,15,29,6,16,31,7,17,33, , , , , , , , , , , , 
0,197,26,26,10,1,1,4,4,16,50,99,2048,16,Neoverse-N1,1024,80,-1,100000,2.03001E+14,5734596608,9.22337E+18,381739,300934,1415,80640,77962,0,0,0,7,2,3,7,3,5,7,4,7,7,5,9,7,6,11,7,7,13,7,8,15,7,9,17,7,10,19,7,11,21,6,12,23,7,13,25,7,14,27,7,15,29,7,16,31,7,17,33, , , , , , , , , , , , 
1,198,24,24,10,1,1,4,4,16,50,99,2048,20,Neoverse-N1,1024,80,-1,100000,2.03455E+14,5737624371,9.22337E+18,417210,344722,1952,102285,98984,0,0,0,7,2,3,7,3,5,1,4,7,7,5,9,7,6,11,7,7,13,1,8,15,7,9,17,7,10,19,7,11,21,0,12,23,7,13,25,7,14,27,7,15,29,0,16,31,7,17,33,7,18,35,7,19,37,0,20,39,7,21,41
0,199,35,35,10,1,1,4,4,16,50,99,2048,20,Neoverse-N1,1024,80,-1,100000,2.03667E+14,5740868403,9.22337E+18,461466,311905,2108,108006,104825,0,0,0,7,2,3,7,3,5,1,4,7,7,5,9,7,6,11,7,7,13,1,8,15,7,9,17,7,10,19,7,11,21,0,12,23,7,13,25,7,14,27,7,15,29,0,16,31,7,17,33,7,18,35,7,19,37,0,20,39,7,21,41
1,200,16,16,10,1,1,4,4,16,50,99,256,4,Neoverse-N1,1024,80,-1,100000,2.03849E+14,5728324812,9.22337E+18,391547,370953,1029,20558,19535,0,0,0,7,2,3,7,3,5,6,4,7,7,5,9, , , , , , , , , , , , , , , , , , , , , , , , , , , , , , , , , , , , , , , , , , , , , , , , 
0,201,27,27,10,1,1,4,4,16,50,99,256,4,Neoverse-N1,1024,80,-1,100000,2.03893E+14,5729406156,9.22337E+18,391367,370761,1051,20573,19526,0,0,0,7,2,3,7,3,5,7,4,7,7,5,9, , , , , , , , , , , , , , , , , , , , , , , , , , , , , , , , , , , , , , , , , , , , , , , , 
1,202,12,12,10,1,1,4,4,16,50,99,256,8,Neoverse-N1,1024,80,-1,100000,2.03974E+14,5727243468,9.22337E+18,425655,415681,1618,40552,38950,0,0,0,7,2,3,7,3,5,7,4,7,7,5,9,7,6,11,7,7,13,7,8,15,7,9,17, , , , , , , , , , , , , , , , , , , , , , , , , , , , , , , , , , , , 
0,203,23,23,10,1,1,4,4,16,50,99,256,8,Neoverse-N1,1024,80,-1,100000,2.04052E+14,5728108544,9.22337E+18,387233,346680,1539,40479,38952,0,0,0,7,2,3,7,3,5,6,4,7,7,5,9,7,6,11,7,7,13,7,8,15,7,9,17, , , , , , , , , , , , , , , , , , , , , , , , , , , , , , , , , , , , 
1,204,12,12,10,1,1,4,4,16,50,99,256,12,Neoverse-N1,1024,80,-1,100000,2.04176E+14,5730487500,9.22337E+18,383552,323063,1932,60370,58457,0,0,0,7,2,3,7,3,5,6,4,7,7,5,9,7,6,11,7,7,13,7,8,15,7,9,17,7,10,19,7,11,21,7,12,23,7,13,25, , , , , , , , , , , , , , , , , , , , , , , , 
0,205,23,23,10,1,1,4,4,16,50,99,256,12,Neoverse-N1,1024,80,-1,100000,2.04288E+14,5729406156,9.22337E+18,384311,323642,1955,60546,58466,0,0,0,7,2,3,7,3,5,7,4,7,7,5,9,7,6,11,7,7,13,7,8,15,7,9,17,7,10,19,7,11,21,6,12,23,7,13,25, , , , , , , , , , , , , , , , , , , , , , , , 
1,206,12,12,10,1,1,4,4,16,50,99,256,16,Neoverse-N1,1024,80,-1,100000,2.04455E+14,5734164070,9.22337E+18,420161,301735,2068,79994,77930,0,0,0,7,2,3,7,3,5,7,4,7,7,5,9,7,6,11,7,7,13,7,8,15,7,9,17,7,10,19,7,11,21,6,12,23,7,13,25,7,14,27,7,15,29,7,16,31,7,17,33, , , , , , , , , , , , 
0,207,23,23,10,1,1,4,4,16,50,99,256,16,Neoverse-N1,1024,80,-1,100000,2.04602E+14,5734596608,9.22337E+18,381409,360007,1603,81148,77976,0,0,0,7,2,3,7,3,5,7,4,7,7,5,9,7,6,11,7,7,13,6,8,15,7,9,17,7,10,19,7,11,21,6,12,23,7,13,25,7,14,27,7,15,29,7,16,31,7,17,33, , , , , , , , , , , , 
1,208,31,31,10,1,1,4,4,16,50,99,256,20,Neoverse-N1,1024,80,-1,100000,2.05179E+14,5738056908,9.22337E+18,423320,314054,2011,108857,105720,0,0,0,7,2,3,7,3,5,1,4,7,7,5,9,7,6,11,7,7,13,0,8,15,7,9,17,7,10,19,7,11,21,1,12,23,7,13,25,7,14,27,7,15,29,0,16,31,7,17,33,7,18,35,7,19,37,1,20,39,7,21,41
0,209,42,42,10,1,1,4,4,16,50,99,256,20,Neoverse-N1,1024,80,-1,100000,2.05389E+14,5741300940,9.22337E+18,421332,312655,2108,108283,105217,0,0,0,7,2,3,7,3,5,0,4,7,7,5,9,7,6,11,7,7,13,1,8,15,7,9,17,7,10,19,7,11,21,1,12,23,7,13,25,7,14,27,7,15,29,1,16,31,7,17,33,7,18,35,7,19,37,1,20,39,7,21,41
1,210,11,11,10,1,1,4,4,16,70,99,16384,4,Neoverse-N1,1024,80,-1,100000,2.05553E+14,5723134361,9.22337E+18,391772,371350,850,20401,19556,0,0,0,7,2,3,7,3,5,6,4,7,7,5,9, , , , , , , , , , , , , , , , , , , , , , , , , , , , , , , , , , , , , , , , , , , , , , , , 
0,211,22,22,10,1,1,4,4,16,70,99,16384,4,Neoverse-N1,1024,80,-1,100000,2.05598E+14,5724864512,9.22337E+18,391793,371417,801,20353,19555,0,0,0,7,2,3,7,3,5,7,4,7,7,5,9, , , , , , , , , , , , , , , , , , , , , , , , , , , , , , , , , , , , , , , , , , , , , , , , 
1,212,12,12,10,1,1,4,4,16,70,99,16384,8,Neoverse-N1,1024,80,-1,100000,2.05679E+14,5725513318,9.22337E+18,424995,380741,1236,40181,38959,0,0,0,7,2,3,7,3,5,7,4,7,7,5,9,7,6,11,7,7,13,7,8,15,7,9,17, , , , , , , , , , , , , , , , , , , , , , , , , , , , , , , , , , , , 
0,213,23,23,10,1,1,4,4,16,70,99,16384,8,Neoverse-N1,1024,80,-1,100000,2.05758E+14,5723999436,9.22337E+18,387272,381903,1165,40069,38915,0,0,0,7,2,3,7,3,5,6,4,7,7,5,9,7,6,11,7,7,13,7,8,15,7,9,17, , , , , , , , , , , , , , , , , , , , , , , , , , , , , , , , , , , , 
1,214,11,11,10,1,1,4,4,16,70,99,16384,12,Neoverse-N1,1024,80,-1,100000,2.05871E+14,5729406156,9.22337E+18,383571,356118,1440,59847,58424,0,0,0,7,2,3,7,3,5,7,4,7,7,5,9,7,6,11,7,7,13,6,8,15,7,9,17,7,10,19,7,11,21,6,12,23,7,13,25, , , , , , , , , , , , , , , , , , , , , , , , 
0,215,22,22,10,1,1,4,4,16,70,99,16384,12,Neoverse-N1,1024,80,-1,100000,2.05984E+14,5728973619,9.22337E+18,383726,323781,1403,59867,58471,0,0,0,7,2,3,7,3,5,7,4,7,7,5,9,7,6,11,7,7,13,6,8,15,7,9,17,7,10,19,7,11,21,7,12,23,7,13,25, , , , , , , , , , , , , , , , , , , , , , , , 
1,216,25,25,10,1,1,4,4,16,70,99,16384,16,Neoverse-N1,1024,80,-1,100000,2.06324E+14,5730271232,9.22337E+18,381418,331748,1525,79780,77894,0,0,0,7,2,3,7,3,5,7,4,7,7,5,9,7,6,11,7,7,13,7,8,15,7,9,17,7,10,19,7,11,21,7,12,23,7,13,25,7,14,27,7,15,29,7,16,31,7,17,33, , , , , , , , , , , , 
0,217,36,36,10,1,1,4,4,16,70,99,16384,16,Neoverse-N1,1024,80,-1,100000,2.06472E+14,5732650188,9.22337E+18,381650,301415,1109,80127,77942,0,0,0,7,2,3,7,3,5,6,4,7,7,5,9,7,6,11,7,7,13,7,8,15,7,9,17,7,10,19,7,11,21,6,12,23,7,13,25,7,14,27,7,15,29,6,16,31,7,17,33, , , , , , , , , , , , 
1,218,22,22,10,1,1,4,4,16,70,99,16384,20,Neoverse-N1,1024,80,-1,100000,2.06896E+14,5733731532,9.22337E+18,417512,345183,1544,102994,100304,0,0,0,7,2,3,7,3,5,1,4,7,7,5,9,7,6,11,7,7,13,0,8,15,7,9,17,7,10,19,7,11,21,0,12,23,7,13,25,7,14,27,7,15,29,1,16,31,7,17,33,7,18,35,7,19,37,0,20,39,7,21,41
0,219,33,33,10,1,1,4,4,16,70,99,16384,20,Neoverse-N1,1024,80,-1,100000,2.07108E+14,5734812876,9.22337E+18,421615,313423,1581,107828,105294,0,0,0,7,2,3,7,3,5,1,4,7,7,5,9,7,6,11,7,7,13,0,8,15,7,9,17,7,10,19,7,11,21,1,12,23,7,13,25,7,14,27,7,15,29,1,16,31,7,17,33,7,18,35,7,19,37,0,20,39,7,21,41
1,220,14,14,10,1,1,4,4,16,70,99,2048,4,Neoverse-N1,1024,80,-1,100000,2.07285E+14,5727676006,9.22337E+18,390687,370110,1004,20556,19555,0,0,0,7,2,3,7,3,5,7,4,7,7,5,9, , , , , , , , , , , , , , , , , , , , , , , , , , , , , , , , , , , , , , , , , , , , , , , , 
0,221,25,25,10,1,1,4,4,16,70,99,2048,4,Neoverse-N1,1024,80,-1,100000,2.07329E+14,5728324812,9.22337E+18,390418,406728,1046,20599,19556,0,0,0,7,2,3,7,3,5,7,4,7,7,5,9, , , , , , , , , , , , , , , , , , , , , , , , , , , , , , , , , , , , , , , , , , , , , , , , 
1,222,15,15,10,1,1,4,4,16,70,99,2048,8,Neoverse-N1,1024,80,-1,100000,2.07431E+14,5730487500,9.22337E+18,389047,348932,1117,40065,38960,0,0,0,7,2,3,7,3,5,7,4,7,7,5,9,7,6,11,7,7,13,7,8,15,7,9,17, , , , , , , , , , , , , , , , , , , , , , , , , , , , , , , , , , , , 
0,223,26,26,10,1,1,4,4,16,70,99,2048,8,Neoverse-N1,1024,80,-1,100000,2.0751E+14,5730703769,9.22337E+18,388945,348932,1018,39962,38956,0,0,0,7,2,3,7,3,5,7,4,7,7,5,9,7,6,11,7,7,13,6,8,15,7,9,17, , , , , , , , , , , , , , , , , , , , , , , , , , , , , , , , , , , , 
1,224,11,11,10,1,1,4,4,16,70,99,2048,12,Neoverse-N1,1024,80,-1,100000,2.07624E+14,5730271232,9.22337E+18,422797,356747,1533,59974,58464,0,0,0,7,2,3,7,3,5,7,4,7,7,5,9,7,6,11,7,7,13,7,8,15,7,9,17,7,10,19,7,11,21,7,12,23,7,13,25, , , , , , , , , , , , , , , , , , , , , , , , 
0,225,22,22,10,1,1,4,4,16,70,99,2048,12,Neoverse-N1,1024,80,-1,100000,2.07737E+14,5729406156,9.22337E+18,423403,357306,1547,60006,58471,0,0,0,7,2,3,7,3,5,7,4,7,7,5,9,7,6,11,7,7,13,7,8,15,7,9,17,7,10,19,7,11,21,6,12,23,7,13,25, , , , , , , , , , , , , , , , , , , , , , , , 
1,226,15,15,10,1,1,4,4,16,70,99,2048,16,Neoverse-N1,1024,80,-1,100000,2.07945E+14,5730703769,9.22337E+18,381524,301999,1503,79414,77932,0,0,0,7,2,3,7,3,5,7,4,7,7,5,9,7,6,11,7,7,13,6,8,15,7,9,17,7,10,19,7,11,21,6,12,23,7,13,25,7,14,27,7,15,29,7,16,31,7,17,33, , , , , , , , , , , , 
0,227,26,26,10,1,1,4,4,16,70,99,2048,16,Neoverse-N1,1024,80,-1,100000,2.08092E+14,5732433920,9.22337E+18,419754,332208,1388,79377,77612,0,0,0,7,2,3,7,3,5,7,4,7,7,5,9,7,6,11,7,7,13,6,8,15,7,9,17,7,10,19,7,11,21,7,12,23,7,13,25,7,14,27,7,15,29,6,16,31,7,17,33, , , , , , , , , , , , 
1,228,11,11,10,1,1,4,4,16,70,99,2048,20,Neoverse-N1,1024,80,-1,100000,2.0831E+14,5730271232,9.22337E+18,444963,353592,2258,91109,88936,0,0,0,7,2,3,7,3,5,7,4,7,7,5,9,7,6,11,7,7,13,1,8,15,7,9,17,7,10,19,7,11,21,0,12,23,7,13,25,7,14,27,7,15,29,1,16,31,7,17,33,7,18,35,7,19,37,0,20,39,7,21,41
0,229,22,22,10,1,1,4,4,16,70,99,2048,20,Neoverse-N1,1024,80,-1,100000,2.0854E+14,5733515264,9.22337E+18,428156,324840,1514,102986,100109,0,0,0,7,2,3,7,3,5,1,4,7,7,5,9,7,6,11,7,7,13,1,8,15,7,9,17,7,10,19,7,11,21,1,12,23,7,13,25,7,14,27,7,15,29,0,16,31,7,17,33,7,18,35,7,19,37,1,20,39,7,21,41
1,230,12,12,10,1,1,4,4,16,70,99,256,4,Neoverse-N1,1024,80,-1,100000,2.08703E+14,5728324812,9.22337E+18,390572,370080,924,20472,19551,0,0,0,7,2,3,7,3,5,6,4,7,7,5,9, , , , , , , , , , , , , , , , , , , , , , , , , , , , , , , , , , , , , , , , , , , , , , , , 
0,231,23,23,10,1,1,4,4,16,70,99,256,4,Neoverse-N1,1024,80,-1,100000,2.08748E+14,5729406156,9.22337E+18,390672,444434,763,20309,19550,0,0,0,7,2,3,7,3,5,7,4,7,7,5,9, , , , , , , , , , , , , , , , , , , , , , , , , , , , , , , , , , , , , , , , , , , , , , , , 
1,232,13,13,10,1,1,4,4,16,70,99,256,8,Neoverse-N1,1024,80,-1,100000,2.08836E+14,5729838694,9.22337E+18,388198,382706,1261,40196,38949,0,0,0,7,2,3,7,3,5,7,4,7,7,5,9,7,6,11,7,7,13,6,8,15,7,9,17, , , , , , , , , , , , , , , , , , , , , , , , , , , , , , , , , , , , 
0,233,24,24,10,1,1,4,4,16,70,99,256,8,Neoverse-N1,1024,80,-1,100000,2.08914E+14,5728973619,9.22337E+18,388720,348417,1312,40252,38950,0,0,0,7,2,3,7,3,5,7,4,7,7,5,9,7,6,11,7,7,13,7,8,15,7,9,17, , , , , , , , , , , , , , , , , , , , , , , , , , , , , , , , , , , , 
1,234,18,18,10,1,1,4,4,16,70,99,256,12,Neoverse-N1,1024,80,-1,100000,2.09099E+14,5732433920,9.22337E+18,384570,356794,1462,59897,58450,0,0,0,7,2,3,7,3,5,6,4,7,7,5,9,7,6,11,7,7,13,7,8,15,7,9,17,7,10,19,7,11,21,7,12,23,7,13,25, , , , , , , , , , , , , , , , , , , , , , , , 
0,235,29,29,10,1,1,4,4,16,70,99,256,12,Neoverse-N1,1024,80,-1,100000,2.09212E+14,5732217651,9.22337E+18,423386,390052,1308,59761,58459,0,0,0,7,2,3,7,3,5,7,4,7,7,5,9,7,6,11,7,7,13,7,8,15,7,9,17,7,10,19,7,11,21,6,12,23,7,13,25, , , , , , , , , , , , , , , , , , , , , , , , 
1,236,14,14,10,1,1,4,4,16,70,99,256,16,Neoverse-N1,1024,80,-1,100000,2.09406E+14,5731136307,9.22337E+18,381366,301820,1535,79431,77917,0,0,0,7,2,3,7,3,5,6,4,7,7,5,9,7,6,11,7,7,13,6,8,15,7,9,17,7,10,19,7,11,21,7,12,23,7,13,25,7,14,27,7,15,29,7,16,31,7,17,33, , , , , , , , , , , , 
0,237,25,25,10,1,1,4,4,16,70,99,256,16,Neoverse-N1,1024,80,-1,100000,2.09554E+14,5731352576,9.22337E+18,381258,301172,1455,79971,77932,0,0,0,7,2,3,7,3,5,7,4,7,7,5,9,7,6,11,7,7,13,6,8,15,7,9,17,7,10,19,7,11,21,7,12,23,7,13,25,7,14,27,7,15,29,7,16,31,7,17,33, , , , , , , , , , , , 
1,238,13,13,10,1,1,4,4,16,70,99,256,20,Neoverse-N1,1024,80,-1,100000,2.09811E+14,5730920038,9.22337E+18,438621,348288,2464,90056,87652,0,0,0,7,2,3,7,3,5,1,4,7,7,5,9,7,6,11,7,7,13,7,8,15,7,9,17,7,10,19,7,11,21,-1,12,23,7,13,25,7,14,27,7,15,29,1,16,31,7,17,33,7,18,35,7,19,37,1,20,39,7,21,41
0,239,24,24,10,1,1,4,4,16,70,99,256,20,Neoverse-N1,1024,80,-1,100000,2.10039E+14,5732433920,9.22337E+18,425537,317282,1491,118603,115387,0,0,0,7,2,3,7,3,5,0,4,7,7,5,9,7,6,11,7,7,13,0,8,15,7,9,17,7,10,19,7,11,21,-1,12,23,7,13,25,7,14,27,7,15,29,0,16,31,7,17,33,7,18,35,7,19,37,0,20,39,7,21,41
1,240,11,11,10,1,1,5,4,20,10,99,16384,4,Neoverse-N1,1024,80,-1,100000,2.10202E+14,5731352576,9.22337E+18,315759,294776,1358,20899,19549,0,0,0,7,2,3,7,3,5,7,4,7,7,5,9, , , , , , , , , , , , , , , , , , , , , , , , , , , , , , , , , , , , , , , , , , , , , , , , 
0,241,22,22,10,1,1,5,4,20,10,99,16384,4,Neoverse-N1,1024,80,-1,100000,2.10247E+14,5731568844,9.22337E+18,316028,295041,1355,20905,19554,0,0,0,7,2,3,7,3,5,6,4,7,7,5,9, , , , , , , , , , , , , , , , , , , , , , , , , , , , , , , , , , , , , , , , , , , , , , , , 
1,242,14,14,10,1,1,5,4,20,10,99,16384,8,Neoverse-N1,1024,80,-1,100000,2.10341E+14,5732433920,9.22337E+18,312896,271825,1941,40883,38933,0,0,0,7,2,3,7,3,5,7,4,7,7,5,9,7,6,11,7,7,13,6,8,15,7,9,17, , , , , , , , , , , , , , , , , , , , , , , , , , , , , , , , , , , , 
0,243,25,25,10,1,1,5,4,20,10,99,16384,8,Neoverse-N1,1024,80,-1,100000,2.10419E+14,5733947801,9.22337E+18,312003,269743,1450,42071,38961,0,0,0,7,2,3,7,3,5,7,4,7,7,5,9,7,6,11,7,7,13,7,8,15,7,9,17, , , , , , , , , , , , , , , , , , , , , , , , , , , , , , , , , , , , 
1,244,15,15,10,1,1,5,4,20,10,99,16384,12,Neoverse-N1,1024,80,-1,100000,2.10571E+14,5732217651,9.22337E+18,309261,296448,2141,61939,58374,0,0,0,7,2,3,7,3,5,7,4,7,7,5,9,7,6,11,7,7,13,6,8,15,7,9,17,7,10,19,7,11,21,6,12,23,7,13,25, , , , , , , , , , , , , , , , , , , , , , , , 
0,245,26,26,10,1,1,5,4,20,10,99,16384,12,Neoverse-N1,1024,80,-1,100000,2.10683E+14,5736110489,9.22337E+18,310418,248646,1902,61501,58461,0,0,0,7,2,3,7,3,5,6,4,7,7,5,9,7,6,11,7,7,13,7,8,15,7,9,17,7,10,19,7,11,21,6,12,23,7,13,25, , , , , , , , , , , , , , , , , , , , , , , , 
1,246,20,20,10,1,1,5,4,20,10,99,16384,16,Neoverse-N1,1024,80,-1,100000,2.10969E+14,5738705715,9.22337E+18,342496,269674,2478,66178,62268,0,0,0,7,2,3,7,3,5,0,4,7,7,5,9,7,6,11,7,7,13,0,8,15,7,9,17,7,10,19,7,11,21,0,12,23,7,13,25,7,14,27,7,15,29,1,16,31,7,17,33, , , , , , , , , , , , 
0,247,31,31,10,1,1,5,4,20,10,99,16384,16,Neoverse-N1,1024,80,-1,100000,2.11118E+14,5741517209,9.22337E+18,309126,227908,2511,80883,77271,0,0,0,7,2,3,7,3,5,2,4,7,7,5,9,7,6,11,7,7,13,2,8,15,7,9,17,7,10,19,7,11,21,1,12,23,7,13,25,7,14,27,7,15,29,5,16,31,7,17,33, , , , , , , , , , , , 
1,248,12,12,10,1,1,5,4,20,10,99,16384,20,Neoverse-N1,1024,80,-1,100000,2.11344E+14,5738489446,9.22337E+18,339557,263685,2888,75246,70244,0,0,0,7,2,3,7,3,5,7,4,7,7,5,9,7,6,11,7,7,13,0,8,15,7,9,17,7,10,19,7,11,21,0,12,23,7,13,25,7,14,27,7,15,29,1,16,31,7,17,33,7,18,35,7,19,37,1,20,39,7,21,41
0,249,23,23,10,1,1,5,4,20,10,99,16384,20,Neoverse-N1,1024,80,-1,100000,2.11558E+14,5741084672,9.22337E+18,335899,257532,3132,77828,73290,0,0,0,7,2,3,7,3,5,1,4,7,7,5,9,7,6,11,7,7,13,0,8,15,7,9,17,7,10,19,7,11,21,0,12,23,7,13,25,7,14,27,7,15,29,1,16,31,7,17,33,7,18,35,7,19,37,0,20,39,7,21,41
1,250,14,14,10,1,1,5,4,20,10,99,2048,4,Neoverse-N1,1024,80,-1,100000,2.11726E+14,5733298995,9.22337E+18,315793,294877,1284,20826,19549,0,0,0,7,2,3,7,3,5,7,4,7,7,5,9, , , , , , , , , , , , , , , , , , , , , , , , , , , , , , , , , , , , , , , , , , , , , , , , 
0,251,25,25,10,1,1,5,4,20,10,99,2048,4,Neoverse-N1,1024,80,-1,100000,2.11771E+14,5731785113,9.22337E+18,315803,294980,1188,20730,19544,0,0,0,7,2,3,7,3,5,7,4,7,7,5,9, , , , , , , , , , , , , , , , , , , , , , , , , , , , , , , , , , , , , , , , , , , , , , , , 
1,252,14,14,10,1,1,5,4,20,10,99,2048,8,Neoverse-N1,1024,80,-1,100000,2.11865E+14,5730487500,9.22337E+18,313298,272263,1917,40842,38925,0,0,0,7,2,3,7,3,5,7,4,7,7,5,9,7,6,11,7,7,13,7,8,15,7,9,17, , , , , , , , , , , , , , , , , , , , , , , , , , , , , , , , , , , , 
0,253,25,25,10,1,1,5,4,20,10,99,2048,8,Neoverse-N1,1024,80,-1,100000,2.11943E+14,5733082726,9.22337E+18,344753,271344,1380,41922,38936,0,0,0,7,2,3,7,3,5,7,4,7,7,5,9,7,6,11,7,7,13,7,8,15,7,9,17, , , , , , , , , , , , , , , , , , , , , , , , , , , , , , , , , , , , 
1,254,15,15,10,1,1,5,4,20,10,99,2048,12,Neoverse-N1,1024,80,-1,100000,2.12096E+14,5732217651,9.22337E+18,309376,247127,2112,68264,58414,0,0,0,7,2,3,7,3,5,6,4,7,7,5,9,7,6,11,6,7,13,7,8,15,7,9,17,7,10,19,7,11,21,7,12,23,7,13,25, , , , , , , , , , , , , , , , , , , , , , , , 
0,255,26,26,10,1,1,5,4,20,10,99,2048,12,Neoverse-N1,1024,80,-1,100000,2.12208E+14,5736326758,9.22337E+18,309134,247206,1975,61662,58487,0,0,0,7,2,3,7,3,5,6,4,7,7,5,9,7,6,11,7,7,13,6,8,15,7,9,17,7,10,19,7,11,21,6,12,23,7,13,25, , , , , , , , , , , , , , , , , , , , , , , , 
1,256,13,13,10,1,1,5,4,20,10,99,2048,16,Neoverse-N1,1024,80,-1,100000,2.12392E+14,5733082726,9.22337E+18,340827,270846,2367,63200,59075,0,0,0,7,2,3,7,3,5,4,4,7,7,5,9,7,6,11,7,7,13,1,8,15,7,9,17,7,10,19,7,11,21,7,12,23,7,13,25,7,14,27,7,15,29,1,16,31,7,17,33, , , , , , , , , , , , 
0,257,24,24,10,1,1,5,4,20,10,99,2048,16,Neoverse-N1,1024,80,-1,100000,2.12549E+14,5736975564,9.22337E+18,310410,242613,2562,67453,63705,0,0,0,7,2,3,7,3,5,1,4,7,7,5,9,7,6,11,7,7,13,0,8,15,7,9,17,7,10,19,7,11,21,1,12,23,7,13,25,7,14,27,7,15,29,1,16,31,7,17,33, , , , , , , , , , , , 
1,258,14,14,10,1,1,5,4,20,10,99,2048,20,Neoverse-N1,1024,80,-1,100000,2.12813E+14,5735677952,9.22337E+18,337318,277843,2813,83330,78201,0,0,0,7,2,3,7,3,5,0,4,7,7,5,9,7,6,11,7,7,13,0,8,15,7,9,17,7,10,19,7,11,21,1,12,23,7,13,25,7,14,27,7,15,29,0,16,31,7,17,33,7,18,35,7,19,37,0,20,39,7,21,41
0,259,25,25,10,1,1,5,4,20,10,99,2048,20,Neoverse-N1,1024,80,-1,100000,2.1302E+14,5740868403,9.22337E+18,338094,248433,3260,89104,84471,0,0,0,7,2,3,7,3,5,1,4,7,7,5,9,7,6,11,7,7,13,1,8,15,7,9,17,7,10,19,7,11,21,1,12,23,7,13,25,7,14,27,7,15,29,1,16,31,7,17,33,7,18,35,7,19,37,0,20,39,7,21,41
1,260,12,12,10,1,1,5,4,20,10,99,256,4,Neoverse-N1,1024,80,-1,100000,2.1318E+14,5731785113,9.22337E+18,315627,324116,1284,20823,19548,0,0,0,7,2,3,7,3,5,7,4,7,7,5,9, , , , , , , , , , , , , , , , , , , , , , , , , , , , , , , , , , , , , , , , , , , , , , , , 
0,261,23,23,10,1,1,5,4,20,10,99,256,4,Neoverse-N1,1024,80,-1,100000,2.13225E+14,5732001382,9.22337E+18,315926,324524,1309,20850,19545,0,0,0,7,2,3,7,3,5,7,4,7,7,5,9, , , , , , , , , , , , , , , , , , , , , , , , , , , , , , , , , , , , , , , , , , , , , , , , 
1,262,12,12,10,1,1,5,4,20,10,99,256,8,Neoverse-N1,1024,80,-1,100000,2.13305E+14,5729838694,9.22337E+18,312718,298911,1996,40898,38914,0,0,0,7,2,3,7,3,5,7,4,7,7,5,9,7,6,11,7,7,13,7,8,15,7,9,17, , , , , , , , , , , , , , , , , , , , , , , , , , , , , , , , , , , , 
0,263,23,23,10,1,1,5,4,20,10,99,256,8,Neoverse-N1,1024,80,-1,100000,2.13383E+14,5730920038,9.22337E+18,343226,297056,1538,41764,38924,0,0,0,7,2,3,7,3,5,7,4,7,7,5,9,7,6,11,7,7,13,7,8,15,7,9,17, , , , , , , , , , , , , , , , , , , , , , , , , , , , , , , , , , , , 
1,264,13,13,10,1,1,5,4,20,10,99,256,12,Neoverse-N1,1024,80,-1,100000,2.13516E+14,5732650188,9.22337E+18,309920,247943,2122,61672,58389,0,0,0,7,2,3,7,3,5,6,4,7,7,5,9,7,6,11,7,7,13,6,8,15,7,9,17,7,10,19,7,11,21,6,12,23,7,13,25, , , , , , , , , , , , , , , , , , , , , , , , 
0,265,24,24,10,1,1,5,4,20,10,99,256,12,Neoverse-N1,1024,80,-1,100000,2.13628E+14,5735894220,9.22337E+18,310337,248336,2055,61727,58488,0,0,0,7,2,3,7,3,5,7,4,7,7,5,9,7,6,11,7,7,13,6,8,15,7,9,17,7,10,19,7,11,21,7,12,23,7,13,25, , , , , , , , , , , , , , , , , , , , , , , , 
1,266,12,12,10,1,1,5,4,20,10,99,256,16,Neoverse-N1,1024,80,-1,100000,2.138E+14,5734164070,9.22337E+18,310367,247890,2684,62071,57986,0,0,0,7,2,3,7,3,5,7,4,7,7,5,9,7,6,11,7,7,13,0,8,15,7,9,17,7,10,19,7,11,21,5,12,23,7,13,25,7,14,27,7,15,29,4,16,31,7,17,33, , , , , , , , , , , , 
0,267,23,23,10,1,1,5,4,20,10,99,256,16,Neoverse-N1,1024,80,-1,100000,2.13956E+14,5738273177,9.22337E+18,309670,238604,2367,70709,66943,0,0,0,7,2,3,7,3,5,1,4,7,7,5,9,7,6,11,7,7,13,1,8,15,7,9,17,7,10,19,7,11,21,1,12,23,7,13,25,7,14,27,7,15,29,1,16,31,7,17,33, , , , , , , , , , , , 
1,268,23,23,10,1,1,5,4,20,10,99,256,20,Neoverse-N1,1024,80,-1,100000,2.14384E+14,5738489446,9.22337E+18,334756,254089,3147,80072,75486,0,0,0,7,2,3,7,3,5,0,4,7,7,5,9,7,6,11,7,7,13,1,8,15,7,9,17,7,10,19,7,11,21,0,12,23,7,13,25,7,14,27,7,15,29,0,16,31,7,17,33,7,18,35,7,19,37,1,20,39,7,21,41
0,269,34,34,10,1,1,5,4,20,10,99,256,20,Neoverse-N1,1024,80,-1,100000,2.14595E+14,5742166016,9.22337E+18,342200,251573,3375,90049,85482,0,0,0,7,2,3,7,3,5,1,4,7,7,5,9,7,6,11,7,7,13,0,8,15,7,9,17,7,10,19,7,11,21,2,12,23,7,13,25,7,14,27,7,15,29,1,16,31,7,17,33,7,18,35,7,19,37,1,20,39,7,21,41
1,270,14,14,10,1,1,5,4,20,30,99,16384,4,Neoverse-N1,1024,80,-1,100000,2.14767E+14,5733082726,9.22337E+18,314479,323110,1188,20714,19533,0,0,0,7,2,3,7,3,5,7,4,7,7,5,9, , , , , , , , , , , , , , , , , , , , , , , , , , , , , , , , , , , , , , , , , , , , , , , , 
0,271,25,25,10,1,1,5,4,20,30,99,16384,4,Neoverse-N1,1024,80,-1,100000,2.14811E+14,5732650188,9.22337E+18,315645,294996,1069,20604,19539,0,0,0,7,2,3,7,3,5,7,4,7,7,5,9, , , , , , , , , , , , , , , , , , , , , , , , , , , , , , , , , , , , , , , , , , , , , , , , 
1,272,13,13,10,1,1,5,4,20,30,99,16384,8,Neoverse-N1,1024,80,-1,100000,2.14898E+14,5733082726,9.22337E+18,312359,271706,1654,40550,38917,0,0,0,7,2,3,7,3,5,6,4,7,7,5,9,7,6,11,7,7,13,7,8,15,7,9,17, , , , , , , , , , , , , , , , , , , , , , , , , , , , , , , , , , , , 
0,273,24,24,10,1,1,5,4,20,30,99,16384,8,Neoverse-N1,1024,80,-1,100000,2.14977E+14,5732433920,9.22337E+18,344574,272744,1472,40391,38927,0,0,0,7,2,3,7,3,5,7,4,7,7,5,9,7,6,11,7,7,13,6,8,15,7,9,17, , , , , , , , , , , , , , , , , , , , , , , , , , , , , , , , , , , , 
1,274,19,19,10,1,1,5,4,20,30,99,16384,12,Neoverse-N1,1024,80,-1,100000,2.15172E+14,5736326758,9.22337E+18,310769,249610,1739,60997,58439,0,0,0,7,2,3,7,3,5,6,4,7,7,5,9,7,6,11,7,7,13,7,8,15,7,9,17,7,10,19,7,11,21,6,12,23,6,13,25, , , , , , , , , , , , , , , , , , , , , , , , 
0,275,30,30,10,1,1,5,4,20,30,99,16384,12,Neoverse-N1,1024,80,-1,100000,2.15284E+14,5738921984,9.22337E+18,311247,250020,1451,61073,58499,0,0,0,7,2,3,7,3,5,7,4,7,7,5,9,7,6,11,7,7,13,7,8,15,7,9,17,7,10,19,7,11,21,7,12,23,7,13,25, , , , , , , , , , , , , , , , , , , , , , , , 
1,276,16,16,10,1,1,5,4,20,30,99,16384,16,Neoverse-N1,1024,80,-1,100000,2.15515E+14,5735677952,9.22337E+18,311423,275072,2084,61136,58216,0,0,0,7,2,3,7,3,5,5,4,7,7,5,9,7,6,11,7,7,13,7,8,15,7,9,17,7,10,19,7,11,21,1,12,23,7,13,25,7,14,27,7,15,29,4,16,31,7,17,33, , , , , , , , , , , , 
0,277,27,27,10,1,1,5,4,20,30,99,16384,16,Neoverse-N1,1024,80,-1,100000,2.15668E+14,5738056908,9.22337E+18,308747,229708,1812,78821,75768,0,0,0,7,2,3,7,3,5,1,4,7,7,5,9,7,6,11,7,7,13,1,8,15,7,9,17,7,10,19,7,11,21,1,12,23,7,13,25,7,14,27,7,15,29,2,16,31,7,17,33, , , , , , , , , , , , 
1,278,13,13,10,1,1,5,4,20,30,99,16384,20,Neoverse-N1,1024,80,-1,100000,2.15919E+14,5734596608,9.22337E+18,342941,270379,2487,72177,68535,0,0,0,7,2,3,7,3,5,7,4,7,7,5,9,7,6,11,7,7,13,1,8,15,7,9,17,7,10,19,7,11,21,0,12,23,7,13,25,7,14,27,7,15,29,0,16,31,7,17,33,7,18,35,7,19,37,0,20,39,7,21,41
0,279,24,24,10,1,1,5,4,20,30,99,16384,20,Neoverse-N1,1024,80,-1,100000,2.16139E+14,5738273177,9.22337E+18,341226,280834,2398,84396,80620,0,0,0,7,2,3,7,3,5,1,4,7,7,5,9,7,6,11,7,7,13,0,8,15,7,9,17,7,10,19,7,11,21,0,12,23,7,13,25,7,14,27,7,15,29,1,16,31,7,17,33,7,18,35,7,19,37,1,20,39,7,21,41
1,280,12,12,10,1,1,5,4,20,30,99,2048,4,Neoverse-N1,1024,80,-1,100000,2.16301E+14,5732001382,9.22337E+18,314378,293616,1196,20711,19523,0,0,0,7,2,3,7,3,5,7,4,7,7,5,9, , , , , , , , , , , , , , , , , , , , , , , , , , , , , , , , , , , , , , , , , , , , , , , , 
0,281,23,23,10,1,1,5,4,20,30,99,2048,4,Neoverse-N1,1024,80,-1,100000,2.16346E+14,5733731532,9.22337E+18,314818,294202,1041,20572,19536,0,0,0,7,2,3,7,3,5,7,4,7,7,5,9, , , , , , , , , , , , , , , , , , , , , , , , , , , , , , , , , , , , , , , , , , , , , , , , 
1,282,23,23,10,1,1,5,4,20,30,99,2048,8,Neoverse-N1,1024,80,-1,100000,2.16504E+14,5730054963,9.22337E+18,313283,272633,1609,40541,38937,0,0,0,7,2,3,7,3,5,7,4,7,7,5,9,7,6,11,7,7,13,7,8,15,7,9,17, , , , , , , , , , , , , , , , , , , , , , , , , , , , , , , , , , , , 
0,283,34,34,10,1,1,5,4,20,30,99,2048,8,Neoverse-N1,1024,80,-1,100000,2.16583E+14,5730703769,9.22337E+18,313225,272141,1472,40979,38923,0,0,0,7,2,3,7,3,5,7,4,7,7,5,9,7,6,11,7,7,13,7,8,15,7,9,17, , , , , , , , , , , , , , , , , , , , , , , , , , , , , , , , , , , , 
1,284,17,17,10,1,1,5,4,20,30,99,2048,12,Neoverse-N1,1024,80,-1,100000,2.16757E+14,5730920038,9.22337E+18,310087,274373,1882,60462,58359,0,0,0,7,2,3,7,3,5,6,4,7,7,5,9,7,6,11,7,7,13,7,8,15,7,9,17,7,10,19,7,11,21,7,12,23,7,13,25, , , , , , , , , , , , , , , , , , , , , , , , 
0,285,28,28,10,1,1,5,4,20,30,99,2048,12,Neoverse-N1,1024,80,-1,100000,2.16869E+14,5733947801,9.22337E+18,310336,248930,1369,61240,58482,0,0,0,7,2,3,7,3,5,6,4,7,7,5,9,7,6,11,7,7,13,7,8,15,7,9,17,7,10,19,7,11,21,6,12,23,7,13,25, , , , , , , , , , , , , , , , , , , , , , , , 
1,286,21,21,10,1,1,5,4,20,30,99,2048,16,Neoverse-N1,1024,80,-1,100000,2.17169E+14,5735677952,9.22337E+18,311493,271478,1865,64877,61339,0,0,0,7,2,3,7,3,5,1,4,7,7,5,9,7,6,11,7,7,13,1,8,15,7,9,17,7,10,19,7,11,21,3,12,23,7,13,25,7,14,27,7,15,29,1,16,31,7,17,33, , , , , , , , , , , , 
0,287,32,32,10,1,1,5,4,20,30,99,2048,16,Neoverse-N1,1024,80,-1,100000,2.17319E+14,5738705715,9.22337E+18,308705,228454,1902,80049,77168,0,0,0,7,2,3,7,3,5,2,4,7,7,5,9,7,6,11,7,7,13,2,8,15,7,9,17,7,10,19,7,11,21,0,12,23,7,13,25,7,14,27,7,15,29,1,16,31,7,17,33, , , , , , , , , , , , 
1,288,18,18,10,1,1,5,4,20,30,99,2048,20,Neoverse-N1,1024,80,-1,100000,2.17661E+14,5734596608,9.22337E+18,336006,260354,2340,75280,71286,0,0,0,7,2,3,7,3,5,1,4,7,7,5,9,7,6,11,7,7,13,0,8,15,7,9,17,7,10,19,7,11,21,0,12,23,7,13,25,7,14,27,7,15,29,1,16,31,7,17,33,7,18,35,7,19,37,0,20,39,7,21,41
0,289,29,29,10,1,1,5,4,20,30,99,2048,20,Neoverse-N1,1024,80,-1,100000,2.17869E+14,5738273177,9.22337E+18,335638,247955,2218,95990,83853,0,0,0,7,2,3,7,3,5,0,4,7,7,5,9,7,6,11,7,7,13,1,8,15,7,9,17,7,10,19,7,11,21,0,12,23,7,13,25,7,14,27,7,15,29,0,16,31,7,17,33,7,18,35,7,19,37,0,20,39,7,21,41
1,290,11,11,10,1,1,5,4,20,30,99,256,4,Neoverse-N1,1024,80,-1,100000,2.18026E+14,5731568844,9.22337E+18,316347,295622,1146,20677,19539,0,0,0,7,2,3,7,3,5,7,4,7,7,5,9, , , , , , , , , , , , , , , , , , , , , , , , , , , , , , , , , , , , , , , , , , , , , , , , 
0,291,22,22,10,1,1,5,4,20,30,99,256,4,Neoverse-N1,1024,80,-1,100000,2.1807E+14,5732433920,9.22337E+18,347560,324779,1154,20671,19522,0,0,0,7,2,3,7,3,5,7,4,7,7,5,9, , , , , , , , , , , , , , , , , , , , , , , , , , , , , , , , , , , , , , , , , , , , , , , , 
1,292,12,12,10,1,1,5,4,20,30,99,256,8,Neoverse-N1,1024,80,-1,100000,2.18151E+14,5733298995,9.22337E+18,313212,272575,1605,40532,38943,0,0,0,7,2,3,7,3,5,6,4,7,7,5,9,7,6,11,7,7,13,6,8,15,7,9,17, , , , , , , , , , , , , , , , , , , , , , , , , , , , , , , , , , , , 
0,293,23,23,10,1,1,5,4,20,30,99,256,8,Neoverse-N1,1024,80,-1,100000,2.18229E+14,5734380339,9.22337E+18,312922,272222,1661,40597,38946,0,0,0,7,2,3,7,3,5,7,4,7,7,5,9,7,6,11,7,7,13,6,8,15,7,9,17, , , , , , , , , , , , , , , , , , , , , , , , , , , , , , , , , , , , 
1,294,15,15,10,1,1,5,4,20,30,99,256,12,Neoverse-N1,1024,80,-1,100000,2.18383E+14,5728757350,9.22337E+18,309643,249175,1797,60298,58442,0,0,0,7,2,3,7,3,5,7,4,7,7,5,9,7,6,11,7,7,13,7,8,15,6,9,17,7,10,19,7,11,21,7,12,23,7,13,25, , , , , , , , , , , , , , , , , , , , , , , , 
0,295,26,26,10,1,1,5,4,20,30,99,256,12,Neoverse-N1,1024,80,-1,100000,2.18496E+14,5731785113,9.22337E+18,309584,248091,1491,61329,58470,0,0,0,7,2,3,7,3,5,7,4,7,7,5,9,7,6,11,7,7,13,7,8,15,7,9,17,7,10,19,7,11,21,6,12,23,7,13,25, , , , , , , , , , , , , , , , , , , , , , , , 
1,296,14,14,10,1,1,5,4,20,30,99,256,16,Neoverse-N1,1024,80,-1,100000,2.18698E+14,5729406156,9.22337E+18,341651,274400,2275,61017,58114,0,0,0,7,2,3,7,3,5,3,4,7,7,5,9,7,6,11,7,7,13,7,8,15,7,9,17,7,10,19,7,11,21,1,12,23,7,13,25,7,14,27,7,15,29,4,16,31,7,17,33, , , , , , , , , , , , 
0,297,25,25,10,1,1,5,4,20,30,99,256,16,Neoverse-N1,1024,80,-1,100000,2.18852E+14,5730271232,9.22337E+18,308829,253728,1774,77761,74652,0,0,0,7,2,3,7,3,5,1,4,7,7,5,9,7,6,11,7,7,13,0,8,15,7,9,17,7,10,19,7,11,21,0,12,23,7,13,25,7,14,27,7,15,29,1,16,31,7,17,33, , , , , , , , , , , , 
1,298,12,12,10,1,1,5,4,20,30,99,256,20,Neoverse-N1,1024,80,-1,100000,2.1908E+14,5737191833,9.22337E+18,336150,264096,2575,71695,68216,0,0,0,7,2,3,7,3,5,7,4,7,7,5,9,7,6,11,7,7,13,1,8,15,7,9,17,7,10,19,7,11,21,1,12,23,7,13,25,7,14,27,7,15,29,0,16,31,7,17,33,7,18,35,7,19,37,0,20,39,7,21,41
0,299,23,23,10,1,1,5,4,20,30,99,256,20,Neoverse-N1,1024,80,-1,100000,2.19297E+14,5741084672,9.22337E+18,336595,256829,2262,79397,75813,0,0,0,7,2,3,7,3,5,1,4,7,6,5,9,7,6,11,7,7,13,1,8,15,7,9,17,7,10,19,7,11,21,1,12,23,7,13,25,7,14,27,7,15,29,1,16,31,7,17,33,7,18,35,7,19,37,1,20,39,7,21,41
1,300,12,12,10,1,1,5,4,20,50,99,16384,4,Neoverse-N1,1024,80,-1,100000,2.19458E+14,5736759296,9.22337E+18,314719,294167,1006,20521,19522,0,0,0,7,2,3,7,3,5,7,4,7,7,5,9, , , , , , , , , , , , , , , , , , , , , , , , , , , , , , , , , , , , , , , , , , , , , , , , 
0,301,23,23,10,1,1,5,4,20,50,99,16384,4,Neoverse-N1,1024,80,-1,100000,2.19503E+14,5737408102,9.22337E+18,347443,324945,866,20389,19528,0,0,0,7,2,3,7,3,5,7,4,7,7,5,9, , , , , , , , , , , , , , , , , , , , , , , , , , , , , , , , , , , , , , , , , , , , , , , , 
1,302,12,12,10,1,1,5,4,20,50,99,16384,8,Neoverse-N1,1024,80,-1,100000,2.19583E+14,5737408102,9.22337E+18,313764,300823,1316,40246,38947,0,0,0,7,2,3,7,3,5,7,4,7,7,5,9,7,6,11,7,7,13,7,8,15,7,9,17, , , , , , , , , , , , , , , , , , , , , , , , , , , , , , , , , , , , 
0,303,23,23,10,1,1,5,4,20,50,99,16384,8,Neoverse-N1,1024,80,-1,100000,2.19662E+14,5735894220,9.22337E+18,314246,274133,1114,40046,38952,0,0,0,7,2,3,7,3,5,6,4,7,7,5,9,7,6,11,7,7,13,7,8,15,7,9,17, , , , , , , , , , , , , , , , , , , , , , , , , , , , , , , , , , , , 
1,304,15,15,10,1,1,5,4,20,50,99,16384,12,Neoverse-N1,1024,80,-1,100000,2.19817E+14,5738705715,9.22337E+18,311219,276416,1489,59906,58438,0,0,0,7,2,3,7,3,5,6,4,7,7,5,9,7,6,11,7,7,13,6,8,15,7,9,17,7,10,19,7,11,21,6,12,23,7,13,25, , , , , , , , , , , , , , , , , , , , , , , , 
0,305,26,26,10,1,1,5,4,20,50,99,16384,12,Neoverse-N1,1024,80,-1,100000,2.1993E+14,5737191833,9.22337E+18,311198,276266,1563,60010,58434,0,0,0,7,2,3,7,3,5,7,4,7,7,5,9,7,6,11,7,7,13,7,8,15,7,9,17,7,10,19,7,11,21,7,12,23,7,13,25, , , , , , , , , , , , , , , , , , , , , , , , 
1,306,25,25,10,1,1,5,4,20,50,99,16384,16,Neoverse-N1,1024,80,-1,100000,2.20285E+14,5739138252,9.22337E+18,310041,294765,1556,65174,62713,0,0,0,7,2,3,7,3,5,0,4,7,7,5,9,7,6,11,7,7,13,3,8,15,7,9,17,7,10,19,7,11,21,1,12,23,7,13,25,7,14,27,7,15,29,1,16,31,7,17,33, , , , , , , , , , , , 
0,307,36,36,10,1,1,5,4,20,50,99,16384,16,Neoverse-N1,1024,80,-1,100000,2.20435E+14,5742382284,9.22337E+18,308381,228879,1345,79368,77091,0,0,0,7,2,3,7,3,5,2,4,7,7,5,9,7,6,11,7,7,13,0,8,15,7,9,17,7,10,19,7,11,21,1,12,23,7,13,25,7,14,27,7,15,29,1,16,31,7,17,33, , , , , , , , , , , , 
1,308,19,19,10,1,1,5,4,20,50,99,16384,20,Neoverse-N1,1024,80,-1,100000,2.20798E+14,5740219596,9.22337E+18,341727,270159,1974,71172,68255,0,0,0,7,2,3,7,3,5,1,4,7,7,5,9,7,6,11,7,7,13,0,8,15,7,9,17,7,10,19,7,11,21,7,12,23,7,13,25,7,14,27,7,15,29,1,16,31,7,17,33,7,18,35,7,19,37,1,20,39,7,21,41
0,309,30,30,10,1,1,5,4,20,50,99,16384,20,Neoverse-N1,1024,80,-1,100000,2.21017E+14,5743031091,9.22337E+18,340026,252936,1770,86750,83942,0,0,0,7,2,3,7,3,5,1,4,7,7,5,9,7,6,11,7,7,13,1,8,15,7,9,17,7,10,19,7,11,21,1,12,23,7,13,25,7,14,27,7,15,29,0,16,31,7,17,33,7,18,35,7,19,37,1,20,39,7,21,41
1,310,11,11,10,1,1,5,4,20,50,99,2048,4,Neoverse-N1,1024,80,-1,100000,2.21175E+14,5735894220,9.22337E+18,314755,294261,928,20465,19542,0,0,0,7,2,3,7,3,5,7,4,7,7,5,9, , , , , , , , , , , , , , , , , , , , , , , , , , , , , , , , , , , , , , , , , , , , , , , , 
0,311,22,22,10,1,1,5,4,20,50,99,2048,4,Neoverse-N1,1024,80,-1,100000,2.2122E+14,5733947801,9.22337E+18,314801,294217,1025,20557,19537,0,0,0,7,2,3,7,3,5,6,4,7,7,5,9, , , , , , , , , , , , , , , , , , , , , , , , , , , , , , , , , , , , , , , , , , , , , , , , 
1,312,12,12,10,1,1,5,4,20,50,99,2048,8,Neoverse-N1,1024,80,-1,100000,2.21301E+14,5735894220,9.22337E+18,312826,272462,1372,40295,38941,0,0,0,7,2,3,7,3,5,7,4,7,7,5,9,7,6,11,7,7,13,7,8,15,7,9,17, , , , , , , , , , , , , , , , , , , , , , , , , , , , , , , , , , , , 
0,313,23,23,10,1,1,5,4,20,50,99,2048,8,Neoverse-N1,1024,80,-1,100000,2.21379E+14,5737408102,9.22337E+18,343428,298985,1430,40327,38910,0,0,0,7,2,3,7,3,5,7,4,7,7,5,9,7,6,11,7,7,13,7,8,15,7,9,17, , , , , , , , , , , , , , , , , , , , , , , , , , , , , , , , , , , , 
1,314,13,13,10,1,1,5,4,20,50,99,2048,12,Neoverse-N1,1024,80,-1,100000,2.21514E+14,5736543027,9.22337E+18,310560,301586,1512,59351,57859,0,0,0,7,2,3,7,3,5,6,4,7,7,5,9,7,6,11,7,7,13,6,8,15,7,9,17,7,10,19,7,11,21,7,12,23,7,13,25, , , , , , , , , , , , , , , , , , , , , , , , 
0,315,24,24,10,1,1,5,4,20,50,99,2048,12,Neoverse-N1,1024,80,-1,100000,2.21627E+14,5735461683,9.22337E+18,341214,275114,1574,60002,58431,0,0,0,7,2,3,7,3,5,6,4,7,7,5,9,7,6,11,7,7,13,7,8,15,7,9,17,7,10,19,7,11,21,6,12,23,7,13,25, , , , , , , , , , , , , , , , , , , , , , , , 
1,316,16,16,10,1,1,5,4,20,50,99,2048,16,Neoverse-N1,1024,80,-1,100000,2.21858E+14,5733947801,9.22337E+18,311820,251555,1911,60136,58238,0,0,0,7,2,3,7,3,5,4,4,7,7,5,9,7,6,11,7,7,13,6,8,15,7,9,17,7,10,19,7,11,21,7,12,23,7,13,25,7,14,27,7,15,29,4,16,31,7,17,33, , , , , , , , , , , , 
0,317,27,27,10,1,1,5,4,20,50,99,2048,16,Neoverse-N1,1024,80,-1,100000,2.22012E+14,5735461683,9.22337E+18,308896,232434,1407,76328,74005,0,0,0,7,2,3,7,3,5,2,4,7,7,5,9,7,6,11,7,7,13,1,8,15,7,9,17,7,10,19,7,11,21,1,12,23,7,13,25,7,14,27,7,15,29,2,16,31,7,17,33, , , , , , , , , , , , 
1,318,15,15,10,1,1,5,4,20,50,99,2048,20,Neoverse-N1,1024,80,-1,100000,2.22307E+14,5738273177,9.22337E+18,351016,278117,2390,72640,70154,0,0,0,7,2,3,7,3,5,7,4,7,7,5,9,7,6,11,7,7,13,1,8,15,7,9,17,7,10,19,7,11,21,1,12,23,7,13,25,7,14,27,7,15,29,1,16,31,7,17,33,7,18,35,7,19,37,0,20,39,7,21,41
0,319,26,26,10,1,1,5,4,20,50,99,2048,20,Neoverse-N1,1024,80,-1,100000,2.22528E+14,5739138252,9.22337E+18,342976,279044,1656,88648,85692,0,0,0,7,2,3,7,3,5,0,4,7,7,5,9,7,6,11,7,7,13,0,8,15,7,9,17,7,10,19,7,11,21,0,12,23,7,13,25,7,14,27,7,15,29,1,16,31,6,17,33,7,18,35,7,19,37,0,20,39,7,21,41
1,320,17,17,10,1,1,5,4,20,50,99,256,4,Neoverse-N1,1024,80,-1,100000,2.22714E+14,5737840640,9.22337E+18,314594,323351,1019,20557,19543,0,0,0,7,2,3,7,3,5,7,4,7,7,5,9, , , , , , , , , , , , , , , , , , , , , , , , , , , , , , , , , , , , , , , , , , , , , , , , 
0,321,28,28,10,1,1,5,4,20,50,99,256,4,Neoverse-N1,1024,80,-1,100000,2.22758E+14,5737191833,9.22337E+18,314433,294009,851,20397,19551,0,0,0,7,2,3,7,3,5,7,4,7,7,5,9, , , , , , , , , , , , , , , , , , , , , , , , , , , , , , , , , , , , , , , , , , , , , , , , 
1,322,11,11,10,1,1,5,4,20,50,99,256,8,Neoverse-N1,1024,80,-1,100000,2.22832E+14,5733515264,9.22337E+18,312740,299921,1152,40031,38912,0,0,0,7,2,3,7,3,5,6,4,7,7,5,9,7,6,11,7,7,13,7,8,15,7,9,17, , , , , , , , , , , , , , , , , , , , , , , , , , , , , , , , , , , , 
0,323,22,22,10,1,1,5,4,20,50,99,256,8,Neoverse-N1,1024,80,-1,100000,2.2291E+14,5733515264,9.22337E+18,312824,272576,1283,40182,38914,0,0,0,7,2,3,7,3,5,6,4,7,7,5,9,7,6,11,7,7,13,7,8,15,7,9,17, , , , , , , , , , , , , , , , , , , , , , , , , , , , , , , , , , , , 
1,324,16,16,10,1,1,5,4,20,50,99,256,12,Neoverse-N1,1024,80,-1,100000,2.23075E+14,5736759296,9.22337E+18,310943,250835,1606,60010,58422,0,0,0,7,2,3,7,3,5,7,4,7,7,5,9,7,6,11,7,7,13,6,8,15,7,9,17,7,10,19,7,11,21,7,12,23,7,13,25, , , , , , , , , , , , , , , , , , , , , , , , 
0,325,27,27,10,1,1,5,4,20,50,99,256,12,Neoverse-N1,1024,80,-1,100000,2.23188E+14,5736975564,9.22337E+18,310846,275863,1486,59964,58445,0,0,0,7,2,3,7,3,5,7,4,7,7,5,9,7,6,11,7,7,13,6,8,15,7,9,17,7,10,19,7,11,21,6,12,23,7,13,25, , , , , , , , , , , , , , , , , , , , , , , , 
1,326,13,13,10,1,1,5,4,20,50,99,256,16,Neoverse-N1,1024,80,-1,100000,2.23376E+14,5738705715,9.22337E+18,312218,251839,1996,60249,58277,0,0,0,7,2,3,7,3,5,6,4,7,7,5,9,7,6,11,7,7,13,5,8,15,7,9,17,7,10,19,7,11,21,7,12,23,7,13,25,7,14,27,7,15,29,6,16,31,7,17,33, , , , , , , , , , , , 
0,327,24,24,10,1,1,5,4,20,50,99,256,16,Neoverse-N1,1024,80,-1,100000,2.23533E+14,5739354521,9.22337E+18,310448,240877,1583,69429,67346,0,0,0,7,2,3,7,3,5,0,4,7,7,5,9,7,6,11,7,7,13,0,8,15,7,9,17,7,10,19,7,11,21,1,12,23,7,13,25,7,14,27,7,15,29,0,16,31,7,17,33, , , , , , , , , , , , 
1,328,15,15,10,1,1,5,4,20,50,99,256,20,Neoverse-N1,1024,80,-1,100000,2.23828E+14,5737840640,9.22337E+18,351147,278216,2196,72676,70034,0,0,0,7,2,3,7,3,5,1,4,7,7,5,9,7,6,11,7,7,13,0,8,15,7,9,17,7,10,19,7,11,21,6,12,23,7,13,25,7,14,27,7,15,29,0,16,31,7,17,33,7,18,35,7,19,37,1,20,39,7,21,41
0,329,26,26,10,1,1,5,4,20,50,99,256,20,Neoverse-N1,1024,80,-1,100000,2.24045E+14,5739354521,9.22337E+18,345940,281117,1722,89342,86438,0,0,0,7,2,3,7,3,5,1,4,7,7,5,9,7,6,11,7,7,13,0,8,15,7,9,17,7,10,19,7,11,21,0,12,23,7,13,25,7,14,27,7,15,29,0,16,31,7,17,33,7,18,35,7,19,37,0,20,39,7,21,41
1,330,14,14,10,1,1,5,4,20,70,99,16384,4,Neoverse-N1,1024,80,-1,100000,2.24221E+14,5743031091,9.22337E+18,346598,294955,650,20191,19545,0,0,0,7,2,3,7,3,5,7,4,7,7,5,9, , , , , , , , , , , , , , , , , , , , , , , , , , , , , , , , , , , , , , , , , , , , , , , , 
0,331,25,25,10,1,1,5,4,20,70,99,16384,4,Neoverse-N1,1024,80,-1,100000,2.24266E+14,5741084672,9.22337E+18,346270,323840,855,20384,19533,0,0,0,7,2,3,7,3,5,7,4,7,7,5,9, , , , , , , , , , , , , , , , , , , , , , , , , , , , , , , , , , , , , , , , , , , , , , , , 
1,332,11,11,10,1,1,5,4,20,70,99,16384,8,Neoverse-N1,1024,80,-1,100000,2.24339E+14,5740003328,9.22337E+18,312040,299236,1043,39931,38903,0,0,0,7,2,3,7,3,5,7,4,7,7,5,9,7,6,11,7,7,13,7,8,15,7,9,17, , , , , , , , , , , , , , , , , , , , , , , , , , , , , , , , , , , , 
0,333,22,22,10,1,1,5,4,20,70,99,16384,8,Neoverse-N1,1024,80,-1,100000,2.24418E+14,5739354521,9.22337E+18,312405,272448,1015,39911,38911,0,0,0,7,2,3,7,3,5,6,4,7,7,5,9,7,6,11,7,7,13,7,8,15,7,9,17, , , , , , , , , , , , , , , , , , , , , , , , , , , , , , , , , , , , 
1,334,11,11,10,1,1,5,4,20,70,99,16384,12,Neoverse-N1,1024,80,-1,100000,2.24533E+14,5737408102,9.22337E+18,309779,250275,1037,59434,58421,0,0,0,7,2,3,7,3,5,6,4,7,7,5,9,7,6,11,7,7,13,6,8,15,7,9,17,7,10,19,7,11,21,7,12,23,7,13,25, , , , , , , , , , , , , , , , , , , , , , , , 
0,335,22,22,10,1,1,5,4,20,70,99,16384,12,Neoverse-N1,1024,80,-1,100000,2.24646E+14,5737408102,9.22337E+18,309655,250016,1171,59575,58421,0,0,0,7,2,3,7,3,5,6,4,7,7,5,9,7,6,11,7,7,13,7,8,15,7,9,17,7,10,19,7,11,21,7,12,23,7,13,25, , , , , , , , , , , , , , , , , , , , , , , , 
1,336,13,13,10,1,1,5,4,20,70,99,16384,16,Neoverse-N1,1024,80,-1,100000,2.24828E+14,5737624371,9.22337E+18,308326,229894,1290,78341,77075,0,0,0,7,2,3,7,3,5,2,4,7,7,5,9,7,6,11,7,7,13,1,8,15,7,9,17,7,10,19,7,11,21,1,12,23,7,13,25,7,14,27,7,15,29,1,16,31,7,17,33, , , , , , , , , , , , 
0,337,24,24,10,1,1,5,4,20,70,99,16384,16,Neoverse-N1,1024,80,-1,100000,2.24978E+14,5738489446,9.22337E+18,341182,288988,1380,67267,65891,0,0,0,7,2,3,7,3,5,6,4,7,7,5,9,7,6,11,7,7,13,7,8,15,7,9,17,7,10,19,7,11,21,1,12,23,7,13,25,7,14,27,7,15,29,4,16,31,7,17,33, , , , , , , , , , , , 
1,338,11,11,10,1,1,5,4,20,70,99,16384,20,Neoverse-N1,1024,80,-1,100000,2.25204E+14,5736975564,9.22337E+18,395955,314729,1833,73668,71887,0,0,0,7,2,3,7,3,5,7,4,7,7,5,9,7,6,11,7,7,13,1,8,15,7,9,17,7,10,19,7,11,21,0,12,23,7,13,25,7,14,27,7,15,29,0,16,31,7,17,33,7,18,35,7,19,37,0,20,39,7,21,41
0,339,22,22,10,1,1,5,4,20,70,99,16384,20,Neoverse-N1,1024,80,-1,100000,2.25442E+14,5739354521,9.22337E+18,347005,316986,1599,84375,82277,0,0,0,7,2,3,7,3,5,0,4,7,7,5,9,7,6,11,7,7,13,1,8,15,7,9,17,7,10,19,7,11,21,1,12,23,7,13,25,7,14,27,7,15,29,0,16,31,7,17,33,7,18,35,7,19,37,0,20,39,7,21,41
1,340,14,14,10,1,1,5,4,20,70,99,2048,4,Neoverse-N1,1024,80,-1,100000,2.25611E+14,5734812876,9.22337E+18,314398,294186,668,20193,19529,0,0,0,7,2,3,7,3,5,7,4,7,7,5,9, , , , , , , , , , , , , , , , , , , , , , , , , , , , , , , , , , , , , , , , , , , , , , , , 
0,341,25,25,10,1,1,5,4,20,70,99,2048,4,Neoverse-N1,1024,80,-1,100000,2.25656E+14,5735677952,9.22337E+18,314440,294232,655,20192,19539,0,0,0,7,2,3,7,3,5,7,4,7,7,5,9, , , , , , , , , , , , , , , , , , , , , , , , , , , , , , , , , , , , , , , , , , , , , , , , 
1,342,12,12,10,1,1,5,4,20,70,99,2048,8,Neoverse-N1,1024,80,-1,100000,2.25737E+14,5735461683,9.22337E+18,344246,327673,1061,39979,38931,0,0,0,7,2,3,7,3,5,7,4,7,7,5,9,7,6,11,7,7,13,7,8,15,7,9,17, , , , , , , , , , , , , , , , , , , , , , , , , , , , , , , , , , , , 
0,343,23,23,10,1,1,5,4,20,70,99,2048,8,Neoverse-N1,1024,80,-1,100000,2.25816E+14,5737191833,9.22337E+18,313042,273086,995,39909,38931,0,0,0,7,2,3,7,3,5,6,4,7,7,5,9,7,6,11,7,7,13,7,8,15,7,9,17, , , , , , , , , , , , , , , , , , , , , , , , , , , , , , , , , , , , 
1,344,15,15,10,1,1,5,4,20,70,99,2048,12,Neoverse-N1,1024,80,-1,100000,2.25972E+14,5738056908,9.22337E+18,311324,251642,1225,59610,58408,0,0,0,7,2,3,7,3,5,6,4,7,7,5,9,7,6,11,7,7,13,7,8,15,7,9,17,7,10,19,7,11,21,6,12,23,7,13,25, , , , , , , , , , , , , , , , , , , , , , , , 
0,345,26,26,10,1,1,5,4,20,70,99,2048,12,Neoverse-N1,1024,80,-1,100000,2.26085E+14,5738273177,9.22337E+18,311101,251538,1095,59492,58410,0,0,0,7,2,3,7,3,5,7,4,7,7,5,9,7,6,11,7,7,13,7,8,15,7,9,17,7,10,19,7,11,21,7,12,23,7,13,25, , , , , , , , , , , , , , , , , , , , , , , , 
1,346,12,12,10,1,1,5,4,20,70,99,2048,16,Neoverse-N1,1024,80,-1,100000,2.2626E+14,5738056908,9.22337E+18,343062,277422,1368,59575,58231,0,0,0,7,2,3,7,3,5,7,4,7,7,5,9,7,6,11,7,7,13,4,8,15,7,9,17,7,10,19,7,11,21,5,12,23,7,13,25,7,14,27,7,15,29,3,16,31,7,17,33, , , , , , , , , , , , 
0,347,23,23,10,1,1,5,4,20,70,99,2048,16,Neoverse-N1,1024,80,-1,100000,2.26418E+14,5737624371,9.22337E+18,310546,267759,1200,68078,66886,0,0,0,7,2,3,7,3,5,1,4,7,7,5,9,7,6,11,7,7,13,1,8,15,7,9,17,7,10,19,7,11,21,2,12,23,7,13,25,7,14,27,7,15,29,3,16,31,7,17,33, , , , , , , , , , , , 
1,348,15,15,10,1,1,5,4,20,70,99,2048,20,Neoverse-N1,1024,80,-1,100000,2.26716E+14,5738489446,9.22337E+18,357445,284100,1744,73134,71451,0,0,0,7,2,3,7,3,5,0,4,7,7,5,9,7,6,11,7,7,13,1,8,15,7,9,17,7,10,19,7,11,21,1,12,23,7,13,25,7,14,27,7,15,29,0,16,31,7,17,33,7,18,35,7,19,37,0,20,39,7,21,41
0,349,26,26,10,1,1,5,4,20,70,99,2048,20,Neoverse-N1,1024,80,-1,100000,2.26943E+14,5738056908,9.22337E+18,341395,253743,1292,87426,85286,0,0,0,7,2,3,7,3,5,1,4,7,7,5,9,7,6,11,7,7,13,0,8,15,7,9,17,7,10,19,7,11,21,1,12,23,7,13,25,7,14,27,7,15,29,0,16,31,7,17,33,7,18,35,7,19,37,1,20,39,7,21,41
1,350,13,13,10,1,1,5,4,20,70,99,256,4,Neoverse-N1,1024,80,-1,100000,2.27105E+14,5740003328,9.22337E+18,314573,294279,732,20275,19547,0,0,0,7,2,3,7,3,5,6,4,7,7,5,9, , , , , , , , , , , , , , , , , , , , , , , , , , , , , , , , , , , , , , , , , , , , , , , , 
0,351,24,24,10,1,1,5,4,20,70,99,256,4,Neoverse-N1,1024,80,-1,100000,2.2715E+14,5740003328,9.22337E+18,314977,294631,779,20326,19551,0,0,0,7,2,3,7,3,5,7,4,7,7,5,9, , , , , , , , , , , , , , , , , , , , , , , , , , , , , , , , , , , , , , , , , , , , , , , , 
1,352,11,11,10,1,1,5,4,20,70,99,256,8,Neoverse-N1,1024,80,-1,100000,2.27224E+14,5739138252,9.22337E+18,314053,274139,931,39873,38954,0,0,0,7,2,3,7,3,5,7,4,7,7,5,9,7,6,11,7,7,13,7,8,15,7,9,17, , , , , , , , , , , , , , , , , , , , , , , , , , , , , , , , , , , , 
0,353,22,22,10,1,1,5,4,20,70,99,256,8,Neoverse-N1,1024,80,-1,100000,2.27303E+14,5736326758,9.22337E+18,345630,301718,949,39876,38936,0,0,0,7,2,3,7,3,5,7,4,7,7,5,9,7,6,11,7,7,13,7,8,15,7,9,17, , , , , , , , , , , , , , , , , , , , , , , , , , , , , , , , , , , , 
1,354,12,12,10,1,1,5,4,20,70,99,256,12,Neoverse-N1,1024,80,-1,100000,2.27428E+14,5736975564,9.22337E+18,310856,251230,1113,59560,58467,0,0,0,7,2,3,7,3,5,7,4,7,7,5,9,7,6,11,7,7,13,7,8,15,7,9,17,7,10,19,7,11,21,6,12,23,7,13,25, , , , , , , , , , , , , , , , , , , , , , , , 
0,355,23,23,10,1,1,5,4,20,70,99,256,12,Neoverse-N1,1024,80,-1,100000,2.27542E+14,5735894220,9.22337E+18,311166,251462,1185,59637,58467,0,0,0,7,2,3,7,3,5,7,4,7,7,5,9,7,6,11,7,7,13,7,8,15,7,9,17,7,10,19,7,11,21,6,12,23,7,13,25, , , , , , , , , , , , , , , , , , , , , , , , 
1,356,13,13,10,1,1,5,4,20,70,99,256,16,Neoverse-N1,1024,80,-1,100000,2.27724E+14,5736759296,9.22337E+18,308609,230305,1097,78220,77145,0,0,0,7,2,3,7,3,5,3,4,7,7,5,9,7,6,11,7,7,13,7,8,15,7,9,17,7,10,19,7,11,21,2,12,23,7,13,25,7,14,27,7,15,29,1,16,31,7,17,33, , , , , , , , , , , , 
0,357,24,24,10,1,1,5,4,20,70,99,256,16,Neoverse-N1,1024,80,-1,100000,2.27878E+14,5736110489,9.22337E+18,312296,252629,1277,59581,58315,0,0,0,7,2,3,7,3,5,5,4,7,7,5,9,7,6,11,7,7,13,7,8,15,7,9,17,7,10,19,7,11,21,6,12,23,7,13,25,7,14,27,7,15,29,6,16,31,7,17,33, , , , , , , , , , , , 
1,358,21,21,10,1,1,5,4,20,70,99,256,20,Neoverse-N1,1024,80,-1,100000,2.28299E+14,5737408102,9.22337E+18,352713,274543,1637,77977,76343,0,0,0,7,2,3,7,3,5,0,4,7,7,5,9,7,6,11,7,7,13,0,8,15,7,9,17,7,10,19,7,11,21,-1,12,23,7,13,25,7,14,27,7,15,29,0,16,31,7,17,33,7,18,35,7,19,37,0,20,39,7,21,41
0,359,32,32,10,1,1,5,4,20,70,99,256,20,Neoverse-N1,1024,80,-1,100000,2.28517E+14,5740219596,9.22337E+18,349217,259439,1200,89568,87254,0,0,0,7,2,3,7,3,5,1,4,7,7,5,9,7,6,11,7,7,13,0,8,15,7,9,17,7,10,19,7,11,21,-1,12,23,7,13,25,7,14,27,7,15,29,0,16,31,7,17,33,7,18,35,7,19,37,0,20,39,7,21,41

